BJD - 2454833, Corrected Flux
2307.550486672, 0.998290938,
2307.570918753, 0.998451840,
2307.591350934, 0.998504685,
2307.611782915, 0.998540204,
2307.632214995, 0.998533916,
2307.652647175, 0.998504693,
2307.673079154, 0.998436728,
2307.693511232, 0.998509084,
2307.713943411, 0.998444776,
2307.734375389, 0.998551633,
2307.754807566, 0.998516918,
2307.775239643, 0.998560443,
2307.795671620, 0.998492395,
2307.816103796, 0.998512794,
2307.836535872, 0.998500035,
2307.856967847, 0.998482170,
2307.877400022, 0.998508648,
2307.897832097, 0.998478236,
2307.918264171, 0.998494354,
2307.938696245, 0.998512208,
2307.959128318, 0.998586063,
2307.979560391, 0.998486697,
2307.999992463, 0.998532044,
2308.020424535, 0.998561616,
2308.040856607, 0.998560041,
2308.061288778, 0.998529858,
2308.081720749, 0.998489471,
2308.102152919, 0.998520110,
2308.122584889, 0.998518314,
2308.143016958, 0.998568978,
2308.163449128, 0.998551327,
2308.183881096, 0.998545937,
2308.204313164, 0.998520669,
2308.224745332, 0.998495414,
2308.245177299, 0.998522186,
2308.265609366, 0.998511755,
2308.286041533, 0.998589659,
2308.306473499, 0.998552434,
2308.326905564, 0.998568293,
2308.347337730, 0.998602047,
2308.367769694, 0.998683196,
2308.388201759, 0.998682951,
2308.408633923, 0.998628029,
2308.429065987, 0.998658699,
2308.449497949, 0.998639403,
2308.469930112, 0.998608890,
2308.490362175, 0.998655393,
2308.531226298, 0.998565009,
2308.551658359, 0.998599082,
2308.572090419, 0.998582411,
2308.592522480, 0.998529085,
2308.612954540, 0.998595358,
2308.633386699, 0.998528872,
2308.653818658, 0.998560869,
2308.674250717, 0.998610372,
2308.694682875, 0.998619529,
2308.715114832, 0.998604926,
2308.735546890, 0.998559027,
2308.755979047, 0.998077287,
2308.776411003, 0.997480366,
2308.796843059, 0.997346185,
2308.817275215, 0.997172496,
2308.837707170, 0.997188972,
2308.858139224, 0.997118910,
2308.878571379, 0.997109759,
2308.899003333, 0.997057780,
2308.919435486, 0.997053482,
2308.939867440, 0.997060680,
2308.960299492, 0.997010248,
2308.980731644, 0.997006515,
2309.001163696, 0.996940933,
2309.021595648, 0.996940191,
2309.042027799, 0.996865228,
2309.062459850, 0.996882889,
2309.082891800, 0.996906794,
2309.103323950, 0.996925084,
2309.123755999, 0.996884835,
2309.144187948, 0.996939046,
2309.164620096, 0.996975414,
2309.185052145, 0.996956186,
2309.205484092, 0.997034611,
2309.225916240, 0.997082167,
2309.246348287, 0.997138056,
2309.266780333, 0.997439392,
2309.287212379, 0.998214630,
2309.307644425, 0.998309584,
2309.328076470, 0.998287194,
2309.348508515, 0.998297124,
2309.368940560, 0.998306477,
2309.389372704, 0.998332634,
2309.409804648, 0.998320255,
2309.430236691, 0.998306861,
2309.450668833, 0.998326823,
2309.471100876, 0.998287968,
2309.511964959, 0.998368954,
2309.532397001, 0.998343279,
2309.552828941, 0.998299042,
2309.573261082, 0.998350234,
2309.593693122, 0.998374307,
2309.614125061, 0.998356686,
2309.634557200, 0.998342549,
2309.654989139, 0.998390272,
2309.675421178, 0.998365403,
2309.695853315, 0.998344645,
2309.716285253, 0.998336600,
2309.736717290, 0.998316162,
2309.757149427, 0.998269566,
2309.777581363, 0.998300979,
2309.798013399, 0.998251413,
2309.818445534, 0.998208929,
2309.838877570, 0.998237304,
2309.859309604, 0.998210825,
2309.879741639, 0.998219308,
2309.900173673, 0.998240257,
2309.920605806, 0.998193592,
2309.941037739, 0.998185083,
2309.961469772, 0.998184848,
2309.981901904, 0.998200124,
2310.002333835, 0.998263802,
2310.022765867, 0.998257598,
2310.043197998, 0.998197527,
2310.063629929, 0.998192792,
2310.084061959, 0.998171462,
2310.104494089, 0.998218730,
2310.124926018, 0.998278024,
2310.145358047, 0.998173676,
2310.165790176, 0.998154013,
2310.186222104, 0.998198054,
2310.206654131, 0.998212518,
2310.227086259, 0.998199652,
2310.247518186, 0.998173229,
2310.267950212, 0.998163182,
2310.288382339, 0.998197336,
2310.308814365, 0.998217840,
2310.329246390, 0.998146003,
2310.349678415, 0.998162582,
2310.370110340, 0.998172186,
2310.390542464, 0.998168212,
2310.410974487, 0.998157517,
2310.431406411, 0.998169981,
2310.451838534, 0.998147444,
2310.492702479, 0.998230252,
2310.513134601, 0.998149649,
2310.533566622, 0.998155992,
2310.553998543, 0.998136545,
2310.574430663, 0.998187414,
2310.594862683, 0.998214169,
2310.615294603, 0.998167120,
2310.635726723, 0.998143050,
2310.656158742, 0.998165164,
2310.676590760, 0.998173458,
2310.697022779, 0.998121955,
2310.737886814, 0.998139004,
2310.758318931, 0.998057786,
2310.778750847, 0.998057401,
2310.799182863, 0.998072203,
2310.819614979, 0.998128170,
2310.840046895, 0.998103284,
2310.860479010, 0.998112929,
2310.880911024, 0.998129284,
2310.901342939, 0.998132982,
2310.921775053, 0.998113407,
2310.942207066, 0.998139379,
2310.962638979, 0.998094456,
2310.983071092, 0.998115064,
2311.003503104, 0.998181137,
2311.023935016, 0.998173209,
2311.044367127, 0.998138671,
2311.064799138, 0.998107151,
2311.085231049, 0.998078307,
2311.105663159, 0.998116977,
2311.126095169, 0.998156680,
2311.146527079, 0.998124386,
2311.166959188, 0.998034264,
2311.187391197, 0.998116140,
2311.228255213, 0.998259804,
2311.248687221, 0.998202199,
2311.269119128, 0.998140766,
2311.289551234, 0.998071521,
2311.309983241, 0.998115845,
2311.330415147, 0.998173226,
2311.350847252, 0.998090462,
2311.371279257, 0.998112575,
2311.391711363, 0.998154918,
2311.412143267, 0.998102705,
2311.432575271, 0.998127833,
2311.453007375, 0.998138626,
2311.473439278, 0.998127338,
2311.493871281, 0.998118029,
2311.514303383, 0.998158404,
2311.534735285, 0.998138320,
2311.555167287, 0.998118330,
2311.575599388, 0.998107207,
2311.596031389, 0.998127195,
2311.616463289, 0.998053209,
2311.636895389, 0.998122236,
2311.657327389, 0.998110406,
2311.677759289, 0.998133581,
2311.718623386, 0.998154646,
2311.739055284, 0.998194037,
2311.759487382, 0.998192190,
2311.779919380, 0.998197233,
2311.800351277, 0.998199466,
2311.820783373, 0.998208726,
2311.841215370, 0.998205129,
2311.861647366, 0.998176667,
2311.882079361, 0.998258360,
2311.902511256, 0.998253949,
2311.922943351, 0.998143855,
2311.943375345, 0.998215025,
2311.963807239, 0.998157142,
2311.984239333, 0.998142232,
2312.004671326, 0.998210399,
2312.025103319, 0.998167013,
2312.045535311, 0.998180179,
2312.065967303, 0.998193868,
2312.086399295, 0.998150729,
2312.106831286, 0.998200099,
2312.127263277, 0.998141549,
2312.147695268, 0.998106938,
2312.168127357, 0.998022194,
2312.208991236, 0.998090078,
2312.229423326, 0.998135008,
2312.249855214, 0.998143063,
2312.270287202, 0.998238570,
2312.290719290, 0.998204309,
2312.311151178, 0.998090870,
2312.331583165, 0.998173937,
2312.352015252, 0.998183442,
2312.372447138, 0.998098089,
2312.392879224, 0.998193207,
2312.413311209, 0.998228514,
2312.454175179, 0.998152166,
2312.474607163, 0.998123400,
2312.495039147, 0.998221357,
2312.515471131, 0.998236647,
2312.535903114, 0.998224907,
2312.556335097, 0.998303202,
2312.576767080, 0.998322636,
2312.597199062, 0.998280655,
2312.617630944, 0.998210815,
2312.638063025, 0.998166170,
2312.658495006, 0.998139015,
2312.678926886, 0.998161786,
2312.699358967, 0.998105323,
2312.719790946, 0.998151366,
2312.740222826, 0.998127990,
2312.760654905, 0.998069738,
2312.781086884, 0.998158973,
2312.801518762, 0.998076839,
2312.821950840, 0.998080852,
2312.842382818, 0.998109636,
2312.862814795, 0.998093278,
2312.883246772, 0.998121970,
2312.903678748, 0.998145167,
2312.924110824, 0.998140710,
2312.944542700, 0.998146719,
2312.964974675, 0.998153600,
2312.985406750, 0.998207564,
2313.005838725, 0.998128149,
2313.026270599, 0.998150077,
2313.046702673, 0.998206072,
2313.067134647, 0.998171196,
2313.087566520, 0.998161232,
2313.107998592, 0.998128347,
2313.128430565, 0.998127667,
2313.148862437, 0.998088141,
2313.189726479, 0.998146070,
2313.210158350, 0.998142174,
2313.230590421, 0.998127868,
2313.251022391, 0.998169895,
2313.271454360, 0.998183378,
2313.291886330, 0.998205466,
2313.312318299, 0.998230112,
2313.332750268, 0.998221084,
2313.353182236, 0.998219976,
2313.373614204, 0.998194585,
2313.394046071, 0.998231450,
2313.434910105, 0.998202948,
2313.455342071, 0.998231241,
2313.475774038, 0.998233924,
2313.496206003, 0.998230717,
2313.516638068, 0.998199536,
2313.537069933, 0.998243137,
2313.557501898, 0.998260689,
2313.577933962, 0.998252640,
2313.598365826, 0.998262226,
2313.618797789, 0.998230873,
2313.639229853, 0.998305880,
2313.659661715, 0.998287917,
2313.680093678, 0.998233554,
2313.700525740, 0.998243462,
2313.720957601, 0.998214871,
2313.741389563, 0.998254459,
2313.761821623, 0.998285473,
2313.782253484, 0.998258291,
2313.802685444, 0.998253073,
2313.823117504, 0.998251323,
2313.843549463, 0.998294479,
2313.863981322, 0.998283042,
2313.884413381, 0.998340915,
2313.904845339, 0.998226176,
2313.925277297, 0.998317307,
2313.945709255, 0.998310821,
2313.966141212, 0.998322847,
2313.986573169, 0.998248506,
2314.007005125, 0.998248727,
2314.027437081, 0.998356282,
2314.047869037, 0.998407830,
2314.068300993, 0.998413224,
2314.088732948, 0.998384882,
2314.109164902, 0.998305248,
2314.129596857, 0.998102842,
2314.170460764, 0.998342805,
2314.190892717, 0.998272410,
2314.211324670, 0.998386408,
2314.231756623, 0.998289344,
2314.252188575, 0.998297010,
2314.272620527, 0.998321353,
2314.293052478, 0.998407979,
2314.313484429, 0.998293814,
2314.333916380, 0.998309476,
2314.354348430, 0.998386705,
2314.374780280, 0.998372170,
2314.415644279, 0.998411718,
2314.436076128, 0.998428986,
2314.456508176, 0.998385432,
2314.476940125, 0.998334574,
2314.497371972, 0.998377342,
2314.517804020, 0.998405543,
2314.538235967, 0.998379935,
2314.558667814, 0.998398189,
2314.579099860, 0.998408566,
2314.599531806, 0.998407825,
2314.619963652, 0.998497126,
2314.640395697, 0.998464941,
2314.660827642, 0.998386897,
2314.681259587, 0.998416047,
2314.701691531, 0.998423022,
2314.722123475, 0.998498645,
2314.742555418, 0.998475067,
2314.762987361, 0.998376800,
2314.783419304, 0.998455063,
2314.803851247, 0.998405175,
2314.824283189, 0.998409481,
2314.844715130, 0.998418866,
2314.865146972, 0.998415106,
2314.906010953, 0.998365592,
2314.926442994, 0.998378421,
2314.946874834, 0.998446322,
2314.967306773, 0.998375527,
2314.987738813, 0.998377709,
2315.008170652, 0.998365720,
2315.028602590, 0.998428218,
2315.049034628, 0.998411135,
2315.069466466, 0.998388437,
2315.089898404, 0.998403981,
2315.110330441, 0.998448272,
2315.130762277, 0.998438870,
2315.151194214, 0.998466918,
2315.171626250, 0.998439859,
2315.192058186, 0.998432277,
2315.212490021, 0.998465144,
2315.232922056, 0.998414591,
2315.253353991, 0.998401891,
2315.273785825, 0.998494291,
2315.294217859, 0.998372780,
2315.314649793, 0.998400431,
2315.335081626, 0.998458766,
2315.355513659, 0.998453882,
2315.396377623, 0.998308939,
2315.416809455, 0.998416362,
2315.437241387, 0.998363313,
2315.457673418, 0.998332052,
2315.478105249, 0.998414256,
2315.498537179, 0.998386968,
2315.518969109, 0.998453464,
2315.539401039, 0.998394826,
2315.559832969, 0.998368038,
2315.580264897, 0.998348490,
2315.600696826, 0.998410328,
2315.621128755, 0.998422112,
2315.641560683, 0.998426730,
2315.661992610, 0.998409925,
2315.682424538, 0.998355558,
2315.702856565, 0.998359664,
2315.723288391, 0.998441517,
2315.743720318, 0.998434808,
2315.764152344, 0.998390027,
2315.784584169, 0.998443112,
2315.805016094, 0.998528364,
2315.825448119, 0.998484139,
2315.845879944, 0.998461994,
2315.886743892, 0.998285408,
2315.907175715, 0.998312777,
2315.927607739, 0.998352625,
2315.948039661, 0.998482595,
2315.968471484, 0.998403067,
2315.988903506, 0.998418385,
2316.009335428, 0.998456410,
2316.029767349, 0.998390294,
2316.070631191, 0.998446047,
2316.091063111, 0.998478875,
2316.111495032, 0.998465025,
2316.131926951, 0.998412904,
2316.152358871, 0.998480358,
2316.172790890, 0.998573821,
2316.193222708, 0.998478004,
2316.213654627, 0.998459407,
2316.234086545, 0.998395915,
2316.254518462, 0.998454102,
2316.274950280, 0.998430624,
2316.295382297, 0.998455994,
2316.315814214, 0.998414787,
2316.336246230, 0.998374733,
2316.377109962, 0.998428911,
2316.397541977, 0.998449486,
2316.417973792, 0.998440834,
2316.438405706, 0.998600641,
2316.458837721, 0.998424039,
2316.479269535, 0.998402109,
2316.499701448, 0.998494420,
2316.520133462, 0.998489325,
2316.540565374, 0.998452912,
2316.560997187, 0.998407070,
2316.581429199, 0.998424153,
2316.601861111, 0.998430705,
2316.622292923, 0.998381003,
2316.642724934, 0.998419482,
2316.663156845, 0.998419213,
2316.683588655, 0.998417440,
2316.704020666, 0.998411013,
2316.724452575, 0.998401747,
2316.744884385, 0.998448392,
2316.765316394, 0.998425249,
2316.785748303, 0.998411792,
2316.806180312, 0.998393561,
2316.826612120, 0.998404523,
2316.867476035, 0.998389585,
2316.949203562, 0.998469805,
2316.969635468, 0.998392991,
2316.990067474, 0.998436827,
2317.010499279, 0.998414034,
2317.030931184, 0.998435964,
2317.051363088, 0.998422879,
2317.071794992, 0.998396037,
2317.092226896, 0.998434253,
2317.112658900, 0.998478976,
2317.133090703, 0.998453251,
2317.153522606, 0.998434015,
2317.173954608, 0.998483250,
2317.194386411, 0.998405736,
2317.214818413, 0.998399559,
2317.235250314, 0.998500235,
2317.255682115, 0.998488860,
2317.276114116, 0.998442840,
2317.296546017, 0.998432165,
2317.316977817, 0.998350867,
2317.357841716, 0.998492111,
2317.378273616, 0.998494170,
2317.398705514, 0.998472038,
2317.419137413, 0.998514790,
2317.439569311, 0.998469782,
2317.460001209, 0.998537652,
2317.480433107, 0.998526040,
2317.500865004, 0.998482216,
2317.521296901, 0.998500176,
2317.541728798, 0.998510750,
2317.562160694, 0.998469033,
2317.582592690, 0.998539925,
2317.603024485, 0.998543335,
2317.623456381, 0.998518743,
2317.643888376, 0.998561068,
2317.664320170, 0.998457018,
2317.684752165, 0.998442796,
2317.705184059, 0.998408295,
2317.725615852, 0.998427093,
2317.746047846, 0.998434472,
2317.766479639, 0.998400849,
2317.786911531, 0.998387255,
2317.807343524, 0.998415726,
2317.848207207, 0.998509604,
2317.868639199, 0.998539960,
2317.889070990, 0.998540839,
2317.909502881, 0.998522626,
2317.929934871, 0.998510052,
2317.950366761, 0.998570328,
2317.970798551, 0.998500442,
2317.991230540, 0.998495801,
2318.011662429, 0.998485986,
2318.032094218, 0.998530500,
2318.052526207, 0.998450773,
2318.093389883, 0.998613180,
2318.113821870, 0.998547645,
2318.134253757, 0.998591172,
2318.154685744, 0.998596185,
2318.175117531, 0.998657037,
2318.195549417, 0.998567691,
2318.215981403, 0.998590164,
2318.236413188, 0.998607863,
2318.256845073, 0.998610109,
2318.277277058, 0.998576026,
2318.297708843, 0.998651368,
2318.359004495, 0.998603855,
2318.379436378, 0.998571183,
2318.399868361, 0.998629979,
2318.420300244, 0.998590669,
2318.440732027, 0.998635304,
2318.461164008, 0.998597869,
2318.481595790, 0.998588727,
2318.502027672, 0.998596532,
2318.522459653, 0.998611004,
2318.583755294, 0.998648827,
2318.604187074, 0.998666832,
2318.624619054, 0.998616093,
2318.645050933, 0.998621266,
2318.665482712, 0.998573303,
2318.685914690, 0.998633685,
2318.706346568, 0.998632543,
2318.726778346, 0.998543059,
2318.747210324, 0.998611963,
2318.767642201, 0.998639680,
2318.788074078, 0.998625865,
2318.828937831, 0.998610401,
2318.849369707, 0.998640421,
2318.869801683, 0.998635207,
2318.890233458, 0.998608813,
2318.910665333, 0.998593463,
2318.931097308, 0.998642633,
2318.951529083, 0.998598345,
2318.971960957, 0.998651608,
2318.992392931, 0.998618718,
2319.012824704, 0.998642993,
2319.033256678, 0.998626449,
2319.074120323, 0.998658573,
2319.094552295, 0.998638245,
2319.114984167, 0.998610793,
2319.135415939, 0.998659706,
2319.155847910, 0.998708660,
2319.176279681, 0.998545919,
2319.196711552, 0.998331279,
2319.217143522, 0.998318734,
2319.237575292, 0.998239891,
2319.258007162, 0.998261076,
2319.278439132, 0.998308869,
2319.298871001, 0.998298002,
2319.319302770, 0.998240911,
2319.339734738, 0.998289278,
2319.360166607, 0.998326077,
2319.380598375, 0.998403716,
2319.401030342, 0.998728002,
2319.421462210, 0.998670771,
2319.441894177, 0.998689225,
2319.462325943, 0.998768401,
2319.482757810, 0.998752223,
2319.503189776, 0.998619097,
2319.523621542, 0.998420923,
2319.564485372, 0.998674395,
2319.584917137, 0.998664585,
2319.605349002, 0.998683818,
2319.625780966, 0.998691921,
2319.646212730, 0.998676241,
2319.666644593, 0.998679128,
2319.687076557, 0.998681323,
2319.707508420, 0.998667731,
2319.727940183, 0.998637257,
2319.748372145, 0.998738453,
2319.768804007, 0.998715986,
2319.809667730, 0.998700209,
2319.830099592, 0.998642753,
2319.850531453, 0.998657844,
2319.870963313, 0.998739720,
2319.891395073, 0.998688526,
2319.911827033, 0.998703024,
2319.932258893, 0.998690661,
2319.952690752, 0.998731671,
2319.973122611, 0.998707646,
2319.993554470, 0.998716824,
2320.013986229, 0.998738149,
2320.034418187, 0.998764547,
2320.054850045, 0.998731239,
2320.075281802, 0.998751402,
2320.095713759, 0.998792637,
2320.116145616, 0.998792487,
2320.136577473, 0.998850855,
2320.157009330, 0.998856975,
2320.177441185, 0.998811810,
2320.197873041, 0.998830497,
2320.218304897, 0.998896379,
2320.238736752, 0.998982177,
2320.259168707, 0.998922629,
2320.300032316, 0.998758610,
2320.320464270, 0.998752310,
2320.340896123, 0.998779686,
2320.361327877, 0.998759619,
2320.381759830, 0.998812650,
2320.402191682, 0.998887359,
2320.422623435, 0.998776908,
2320.443055387, 0.998781838,
2320.463487239, 0.998830105,
2320.483918990, 0.998838392,
2320.504350942, 0.998837297,
2320.524782793, 0.998775028,
2320.545214643, 0.998845141,
2320.565646494, 0.998768290,
2320.586078344, 0.998797436,
2320.606510194, 0.998768044,
2320.626942043, 0.998742448,
2320.647373892, 0.998767294,
2320.667805741, 0.998795701,
2320.688237590, 0.998871207,
2320.708669438, 0.998860532,
2320.729101286, 0.998866263,
2320.749533134, 0.998891031,
2320.790396929, 0.998803527,
2320.810828675, 0.998794111,
2320.831260522, 0.998833792,
2320.851692468, 0.998863033,
2320.872124214, 0.998846484,
2320.892556060, 0.998820537,
2320.912988005, 0.998866925,
2320.933419750, 0.998762670,
2320.953851595, 0.998813940,
2320.974283540, 0.998803571,
2320.994715284, 0.998807364,
2321.015147128, 0.998853679,
2321.035579071, 0.998834397,
2321.056010815, 0.998846023,
2321.076442758, 0.998836802,
2321.096874600, 0.998830021,
2321.117306443, 0.998921334,
2321.137738285, 0.998920806,
2321.158170127, 0.998771218,
2321.178601969, 0.998886894,
2321.199033810, 0.998869555,
2321.219465651, 0.998823659,
2321.239897491, 0.998857540,
2321.280761172, 0.998943570,
2321.301193012, 0.998955155,
2321.321624952, 0.998937010,
2321.342056691, 0.998890638,
2321.362488530, 0.998850291,
2321.382920368, 0.998836630,
2321.403352207, 0.998881961,
2321.423783945, 0.998912922,
2321.444215883, 0.998909182,
2321.464647720, 0.998890235,
2321.485079658, 0.998905162,
2321.505511395, 0.998894635,
2321.525943231, 0.998891954,
2321.546375168, 0.998846886,
2321.566806904, 0.998864196,
2321.587238740, 0.998909114,
2321.607670675, 0.998897926,
2321.628102511, 0.998903501,
2321.648534246, 0.998844061,
2321.668966180, 0.998849202,
2321.689398015, 0.998881649,
2321.709829749, 0.998895865,
2321.730261683, 0.998834291,
2321.771125249, 0.998844358,
2321.791557182, 0.998901748,
2321.811989015, 0.998863004,
2321.832420747, 0.998844896,
2321.852852679, 0.998854863,
2321.873284511, 0.998833995,
2321.893716443, 0.998865325,
2321.914148174, 0.998874287,
2321.934580005, 0.998853139,
2321.955011936, 0.998867869,
2321.975443666, 0.998853275,
2321.995875497, 0.998876365,
2322.016307426, 0.998896205,
2322.036739156, 0.998898194,
2322.057170985, 0.998921376,
2322.077602814, 0.998898969,
2322.098034643, 0.998908323,
2322.118466472, 0.998916549,
2322.138898400, 0.998836383,
2322.159330128, 0.998914978,
2322.179761955, 0.998904750,
2322.200193883, 0.998880032,
2322.220625610, 0.998947510,
2322.261489363, 0.998882062,
2322.281921089, 0.998941657,
2322.302353015, 0.998871769,
2322.322784841, 0.998865896,
2322.343216566, 0.998897192,
2322.363648492, 0.998866253,
2322.384080317, 0.998915477,
2322.404512041, 0.998936120,
2322.424943965, 0.998901855,
2322.445375789, 0.998944126,
2322.465807613, 0.998917963,
2322.486239437, 0.998843884,
2322.506671260, 0.998909669,
2322.527103083, 0.998890805,
2322.547534905, 0.998871902,
2322.567966728, 0.998942339,
2322.588398550, 0.998895717,
2322.608830472, 0.998866105,
2322.629262193, 0.998909045,
2322.649694114, 0.998964367,
2322.670125935, 0.998944643,
2322.690557656, 0.998946613,
2322.710989576, 0.998976977,
2322.751853117, 0.998944434,
2322.772285036, 0.998903002,
2322.792716756, 0.998869326,
2322.813148575, 0.998911834,
2322.833580493, 0.998930369,
2322.854012212, 0.998964890,
2322.874444030, 0.998939847,
2322.894875948, 0.998983963,
2322.915307666, 0.998949437,
2322.935739483, 0.998981881,
2322.956171401, 0.998941126,
2322.976603218, 0.998938138,
2322.997034934, 0.998941943,
2323.017466850, 0.998996228,
2323.037898666, 0.998967275,
2323.058330482, 0.998998057,
2323.078762298, 0.999023281,
2323.099194113, 0.998994029,
2323.119625928, 0.998999013,
2323.140057743, 0.999056165,
2323.160489557, 0.999036820,
2323.180921472, 0.999050628,
2323.201353185, 0.999029792,
2323.242216912, 0.998943155,
2323.262648626, 0.998935292,
2323.283080439, 0.999031487,
2323.303512351, 0.998927018,
2323.323944063, 0.998959976,
2323.344375875, 0.999022830,
2323.364807787, 0.999002350,
2323.385239499, 0.998992953,
2323.405671310, 0.999024512,
2323.426103221, 0.998991040,
2323.446535032, 0.999016042,
2323.466966842, 0.998964466,
2323.487398652, 0.998997327,
2323.507830362, 0.999072656,
2323.528262272, 0.999025514,
2323.548694082, 0.999035346,
2323.569125791, 0.999029102,
2323.589557699, 0.999033022,
2323.609989508, 0.998984637,
2323.630421216, 0.999068944,
2323.650853125, 0.999029955,
2323.671284932, 0.998993823,
2323.691716640, 0.999032020,
2323.732580354, 0.999019302,
2323.753012061, 0.999007548,
2323.773443967, 0.999042455,
2323.814307680, 0.999020947,
2323.834739385, 0.999005306,
2323.855171191, 0.999007445,
2323.875603096, 0.999012753,
2323.896034801, 0.999000202,
2323.916466606, 0.999093648,
2323.936898510, 0.999071654,
2323.957330214, 0.999023104,
2323.977762018, 0.999079390,
2323.998193922, 0.998974496,
2324.018625725, 0.998943813,
2324.039057428, 0.998942521,
2324.059489331, 0.998977001,
2324.079921133, 0.998988237,
2324.100352836, 0.998999779,
2324.120784738, 0.998973096,
2324.141216540, 0.998980292,
2324.161648241, 0.999009439,
2324.182080142, 0.999058561,
2324.243375545, 0.999000875,
2324.263807345, 0.998992612,
2324.284239145, 0.998997708,
2324.304670945, 0.999010470,
2324.325102644, 0.999040887,
2324.345534543, 0.999000030,
2324.365966343, 0.999000382,
2324.386398141, 0.999051438,
2324.406829940, 0.998983567,
2324.427261738, 0.999114961,
2324.447693536, 0.999025589,
2324.468125433, 0.999055108,
2324.488557131, 0.999080813,
2324.508988928, 0.999103362,
2324.529420825, 0.999077718,
2324.549852522, 0.999123896,
2324.570284418, 0.999110811,
2324.590716214, 0.999073260,
2324.611147910, 0.998995315,
2324.631579806, 0.999030370,
2324.652011601, 0.999079244,
2324.672443296, 0.999186332,
2324.713306986, 0.999072089,
2324.733738680, 0.999051182,
2324.754170575, 0.999125702,
2324.774602368, 0.999160721,
2324.795034062, 0.999125106,
2324.815465955, 0.999116842,
2324.835897749, 0.999069890,
2324.856329541, 0.999126839,
2324.876761334, 0.999067546,
2324.897193126, 0.999083199,
2324.917624919, 0.999089604,
2324.938056810, 0.999119354,
2324.958488502, 0.999114677,
2324.978920294, 0.999076115,
2324.999352085, 0.999101375,
2325.019783876, 0.999032907,
2325.040215766, 0.999040639,
2325.060647457, 0.999018680,
2325.081079247, 0.999127015,
2325.101511136, 0.999056154,
2325.121942826, 0.999004394,
2325.142374616, 0.999035893,
2325.162806505, 0.999010660,
2325.203669982, 0.999061782,
2325.224101871, 0.999044353,
2325.244533559, 0.998989439,
2325.264965347, 0.999078047,
2325.285397234, 0.998994035,
2325.305829022, 0.999010283,
2325.326260809, 0.999038942,
2325.346692896, 0.999026469,
2325.367124683, 0.999052688,
2325.387556469, 0.999079916,
2325.407988255, 0.999049460,
2325.428419941, 0.999091973,
2325.448851827, 0.999081170,
2325.469283612, 0.999051704,
2325.489715298, 0.999041500,
2325.510147182, 0.999004935,
2325.530578967, 0.998983247,
2325.551010652, 0.998980283,
2325.571442536, 0.999063344,
2325.591874320, 0.999045075,
2325.612306004, 0.999197130,
2325.632737887, 0.999098269,
2325.653169670, 0.999221041,
2325.694033236, 0.999061198,
2325.714465019, 0.999092928,
2325.734896901, 0.999095880,
2325.755328583, 0.999074851,
2325.775760365, 0.999086452,
2325.796192246, 0.999092213,
2325.816623928, 0.999105755,
2325.837055709, 0.999055429,
2325.857487590, 0.999169201,
2325.877919370, 0.999101417,
2325.898351051, 0.999083142,
2325.918782931, 0.999113368,
2325.939214711, 0.999077936,
2325.959646390, 0.999061246,
2325.980078270, 0.999117233,
2326.000510049, 0.999119095,
2326.020941728, 0.999101408,
2326.041373607, 0.999146432,
2326.061805385, 0.999086078,
2326.082237263, 0.999133338,
2326.102668941, 0.999102709,
2326.123100719, 0.999112637,
2326.143532496, 0.999098035,
2326.204827827, 0.999158388,
2326.225259604, 0.999079060,
2326.245691380, 0.999100997,
2326.266123156, 0.999120580,
2326.286554932, 0.999044906,
2326.306986708, 0.999070568,
2326.327418483, 0.999093964,
2326.347850259, 0.999101110,
2326.368282033, 0.999114657,
2326.388713908, 0.999080744,
2326.409145583, 0.999057573,
2326.429577457, 0.999104009,
2326.450009231, 0.999073449,
2326.470440904, 0.999112662,
2326.490872778, 0.999065831,
2326.511304551, 0.999101787,
2326.531736224, 0.999155987,
2326.552168097, 0.999163414,
2326.572599870, 0.999213894,
2326.593031542, 0.999151349,
2326.613463414, 0.999195495,
2326.633895186, 0.999211166,
2326.654326858, 0.999197927,
2326.674758729, 0.999193246,
2326.695190500, 0.999160292,
2326.715622271, 0.999084349,
2326.736054042, 0.999085961,
2326.756485812, 0.999151127,
2326.776917582, 0.999203590,
2326.797349353, 0.999119503,
2326.817781122, 0.999109442,
2326.838212992, 0.999145120,
2326.858644661, 0.999159340,
2326.879076430, 0.999064868,
2326.919939968, 0.999173905,
2326.940371736, 0.999144829,
2326.960803604, 0.999224697,
2326.981235272, 0.999125937,
2327.001667040, 0.999152697,
2327.022098908, 0.999143223,
2327.042530575, 0.999129634,
2327.062962342, 0.999154778,
2327.083394209, 0.999177563,
2327.103825875, 0.999208051,
2327.124257642, 0.999198788,
2327.144689508, 0.999222613,
2327.165121174, 0.999200484,
2327.185553040, 0.999258136,
2327.205984805, 0.999172694,
2327.226416570, 0.999220565,
2327.246848335, 0.999181084,
2327.267280100, 0.999158605,
2327.287711865, 0.999078859,
2327.308143629, 0.999223242,
2327.328575393, 0.999152765,
2327.349007157, 0.999059496,
2327.369439020, 0.999208278,
2327.410302447, 0.999187076,
2327.430734310, 0.999159256,
2327.451165973, 0.999204283,
2327.471597736, 0.999183071,
2327.492029598, 0.999216492,
2327.512461260, 0.999190836,
2327.532893122, 0.999150611,
2327.553324883, 0.999157398,
2327.573756545, 0.999156981,
2327.594188406, 0.999111630,
2327.614620167, 0.999161044,
2327.635051828, 0.999224605,
2327.655483688, 0.999124608,
2327.675915349, 0.999169241,
2327.696347109, 0.999247419,
2327.716778969, 0.999176202,
2327.737210728, 0.999201314,
2327.757642388, 0.999128670,
2327.778074247, 0.999133388,
2327.798506006, 0.999226737,
2327.818937665, 0.999127104,
2327.839369523, 0.999148309,
2327.859801282, 0.999294385,
2327.900664798, 0.999189405,
2327.921096555, 0.999260617,
2327.941528413, 0.999219816,
2327.961960070, 0.999202143,
2327.982391827, 0.999279136,
2328.002823684, 0.999241931,
2328.023255341, 0.999242949,
2328.043687097, 0.999232587,
2328.064118953, 0.999221898,
2328.084550609, 0.999183048,
2328.104982365, 0.999234699,
2328.145845876, 0.999236586,
2328.166277631, 0.999248009,
2328.186709486, 0.999269356,
2328.207141240, 0.999323461,
2328.227572895, 0.999328637,
2328.248004749, 0.999284280,
2328.268436503, 0.999269497,
2328.288868257, 0.999243301,
2328.309300010, 0.999246247,
2328.329731764, 0.999318034,
2328.350163517, 0.999370784,
2328.391026923, 0.999262181,
2328.411458775, 0.999303372,
2328.431890527, 0.999298067,
2328.452322179, 0.999287282,
2328.472754031, 0.999332553,
2328.493185783, 0.999343317,
2328.513617435, 0.999325181,
2328.534049286, 0.999388853,
2328.554481037, 0.999348847,
2328.574912788, 0.999292429,
2328.595344538, 0.999395312,
2328.615776289, 0.999373341,
2328.636208139, 0.999336077,
2328.656639789, 0.999414445,
2328.677071539, 0.999341639,
2328.697503388, 0.999241883,
2328.717935038, 0.999275821,
2328.738366787, 0.999399862,
2328.758798636, 0.999389991,
2328.779230384, 0.999354156,
2328.799662033, 0.999411826,
2328.820093881, 0.999311891,
2328.840525629, 0.999357386,
2328.881389125, 0.999365381,
2328.901820872, 0.999350392,
2328.922252520, 0.999332822,
2328.942684367, 0.999350470,
2328.963116113, 0.999387318,
2328.983547960, 0.999360071,
2329.003979607, 0.999306582,
2329.024411353, 0.999340610,
2329.044843099, 0.999367597,
2329.065274845, 0.999361935,
2329.085706590, 0.999321669,
2329.106138336, 0.999352744,
2329.126570081, 0.999382556,
2329.147001826, 0.999348055,
2329.167433571, 0.999293248,
2329.187865315, 0.999352668,
2329.208297060, 0.999353410,
2329.228728904, 0.999335054,
2329.249160548, 0.999355346,
2329.269592291, 0.999319159,
2329.290024135, 0.999302080,
2329.310455778, 0.999396031,
2329.330887622, 0.999377449,
2329.371751007, 0.999389493,
2329.392182850, 0.999370279,
2329.412614592, 0.999374568,
2329.433046234, 0.999418554,
2329.453478076, 0.999422007,
2329.473909818, 0.999352492,
2329.494341460, 0.999387989,
2329.514773301, 0.999389578,
2329.535205042, 0.999374995,
2329.555636683, 0.999311350,
2329.576068524, 0.999400516,
2329.596500264, 0.999352091,
2329.616932005, 0.999388440,
2329.637363745, 0.999330368,
2329.657795485, 0.999366326,
2329.678227324, 0.999382939,
2329.698659064, 0.999365154,
2329.719090703, 0.999398512,
2329.739522542, 0.999408399,
2329.759954281, 0.999382919,
2329.780385920, 0.999358132,
2329.800817759, 0.999356270,
2329.821249497, 0.999493752,
2329.862112973, 0.999364230,
2329.882544611, 0.999366659,
2329.902976348, 0.999391123,
2329.923408186, 0.999399376,
2329.943839823, 0.999384843,
2329.964271560, 0.999367271,
2329.984703397, 0.999459535,
2330.005135033, 0.999433076,
2330.025566870, 0.999487606,
2330.045998606, 0.999512988,
2330.066430342, 0.999536495,
2330.107293813, 0.999344538,
2330.127725549, 0.999176938,
2330.148157284, 0.999187197,
2330.168589019, 0.999197866,
2330.189020754, 0.999197716,
2330.209452588, 0.999161266,
2330.229884223, 0.999374072,
2330.250315957, 0.999473483,
2330.270747791, 0.999488326,
2330.291179425, 0.999429260,
2330.311611158, 0.999429891,
2330.332042992, 0.999386857,
2330.352474625, 0.999413384,
2330.372906458, 0.999438949,
2330.393338191, 0.999425835,
2330.413769824, 0.999411481,
2330.434201656, 0.999451554,
2330.454633389, 0.999467664,
2330.475065021, 0.999476375,
2330.495496853, 0.999520617,
2330.515928584, 0.999512012,
2330.536360316, 0.999442888,
2330.556792048, 0.999490453,
2330.577223779, 0.999441302,
2330.597655410, 0.999492948,
2330.618087240, 0.999514926,
2330.638518971, 0.999536404,
2330.658950601, 0.999542416,
2330.679382432, 0.999551337,
2330.699814162, 0.999503605,
2330.720245892, 0.999478215,
2330.740677621, 0.999495336,
2330.761109351, 0.999529240,
2330.781541180, 0.999530818,
2330.801972809, 0.999580477,
2330.842836367, 0.999479079,
2330.863267995, 0.999498888,
2330.883699724, 0.999552244,
2330.904131552, 0.999521665,
2330.924563180, 0.999548810,
2330.944994908, 0.999472473,
2330.965426735, 0.999502625,
2330.985858363, 0.999562604,
2331.006290090, 0.999574144,
2331.026721917, 0.999519539,
2331.047153644, 0.999578898,
2331.067585371, 0.999543025,
2331.088017097, 0.999574514,
2331.108448823, 0.999504834,
2331.128880550, 0.999584254,
2331.149312276, 0.999602005,
2331.169744001, 0.999519549,
2331.190175727, 0.999492453,
2331.210607452, 0.999525456,
2331.231039178, 0.999519442,
2331.251470903, 0.999529782,
2331.271902628, 0.999565435,
2331.292334352, 0.999534483,
2331.312766077, 0.999566784,
2331.333197801, 0.999504084,
2331.353629425, 0.999445511,
2331.374061249, 0.999537865,
2331.394492973, 0.999506120,
2331.414924796, 0.999555985,
2331.435356420, 0.999490508,
2331.455788143, 0.999513767,
2331.476219966, 0.999494434,
2331.496651589, 0.999458532,
2331.517083312, 0.999464789,
2331.537515134, 0.999498586,
2331.578378479, 0.999445163,
2331.598810301, 0.999438600,
2331.619242023, 0.999451162,
2331.639673644, 0.999453363,
2331.660105466, 0.999462940,
2331.680537187, 0.999460904,
2331.700968908, 0.999528897,
2331.721400629, 0.999478645,
2331.741832350, 0.999442431,
2331.762264170, 0.999452594,
2331.782695791, 0.999534901,
2331.823559331, 0.999656133,
2331.843990950, 0.999354173,
2331.864422670, 0.999338605,
2331.884854490, 0.999383652,
2331.905286109, 0.999341205,
2331.925717828, 0.999405012,
2331.946149647, 0.999410678,
2331.966581266, 0.999474155,
2331.987012985, 0.999419653,
2332.007444703, 0.999453908,
2332.027876421, 0.999389011,
2332.068739857, 0.999392477,
2332.089171575, 0.999394610,
2332.109603393, 0.999415058,
2332.130035110, 0.999377456,
2332.150466727, 0.999399340,
2332.170898544, 0.999432191,
2332.191330261, 0.999418784,
2332.211761878, 0.999429984,
2332.232193694, 0.999428290,
2332.252625411, 0.999408057,
2332.273057027, 0.999423936,
2332.293488843, 0.999439253,
2332.313920559, 0.999398336,
2332.334352175, 0.999438723,
2332.354783990, 0.999397058,
2332.375215705, 0.999458216,
2332.395647521, 0.999414765,
2332.416079136, 0.999434249,
2332.436510851, 0.999414242,
2332.456942665, 0.999388257,
2332.477374280, 0.999421324,
2332.497805994, 0.999461725,
2332.518237808, 0.999408618,
2332.538669422, 0.999417377,
2332.559101136, 0.999460219,
2332.579532950, 0.999507232,
2332.599964663, 0.999450201,
2332.620396277, 0.999480061,
2332.640828090, 0.999472416,
2332.661259803, 0.999478678,
2332.681691416, 0.999522782,
2332.702123228, 0.999453724,
2332.722554941, 0.999542428,
2332.742986653, 0.999553909,
2332.763418365, 0.999458284,
2332.783850077, 0.999428678,
2332.824713501, 0.999471736,
2332.845145112, 0.999408845,
2332.865576923, 0.999499394,
2332.886008635, 0.999472772,
2332.906440246, 0.999452462,
2332.926872057, 0.999477919,
2332.947303767, 0.999423710,
2332.967735478, 0.999447358,
2332.988167188, 0.999437684,
2333.008598898, 0.999214359,
2333.049462318, 0.999862515,
2333.069894028, 0.999582696,
2333.090325837, 0.999453579,
2333.110757547, 0.999283202,
2333.131189156, 0.999184214,
2333.151620965, 0.998947070,
2333.172052674, 0.998786726,
2333.192484282, 0.998741039,
2333.212916091, 0.998735320,
2333.233347799, 0.998780442,
2333.253779408, 0.998786992,
2333.274211216, 0.998799692,
2333.294642924, 0.998828858,
2333.315074531, 0.998801394,
2333.335506339, 0.998846213,
2333.355938046, 0.998852780,
2333.376369854, 0.998861363,
2333.396801461, 0.998873283,
2333.417233168, 0.998884489,
2333.437664974, 0.998846134,
2333.458096581, 0.998935881,
2333.478528288, 0.999001447,
2333.498959994, 0.999120142,
2333.519391700, 0.999397735,
2333.539823406, 0.999604284,
2333.560255112, 0.999585848,
2333.580686818, 0.999576845,
2333.601118523, 0.999582773,
2333.621550329, 0.999605427,
2333.641981934, 0.999570729,
2333.662413739, 0.999564621,
2333.682845444, 0.999552311,
2333.703277049, 0.999538001,
2333.723708853, 0.999549658,
2333.744140558, 0.999592030,
2333.764572162, 0.999584973,
2333.785003966, 0.999587431,
2333.805435670, 0.999592573,
2333.825867274, 0.999566193,
2333.846299078, 0.999634469,
2333.866730781, 0.999562879,
2333.887162385, 0.999572797,
2333.907594188, 0.999555737,
2333.928025891, 0.999534763,
2333.948457594, 0.999703318,
2333.968889296, 0.999572035,
2333.989320999, 0.999596088,
2334.030184404, 0.999739525,
2334.050616106, 0.999633155,
2334.071047908, 0.999633274,
2334.091479610, 0.999636107,
2334.111911211, 0.999691893,
2334.132343013, 0.999678702,
2334.152774714, 0.999704271,
2334.173206316, 0.999759674,
2334.193638117, 0.999745646,
2334.214069718, 0.999696892,
2334.234501418, 0.999769259,
2334.254933219, 0.999761687,
2334.275364820, 0.999749632,
2334.295796620, 0.999736347,
2334.316228320, 0.999810328,
2334.336659920, 0.999806442,
2334.357091720, 0.999790622,
2334.377523420, 0.999820517,
2334.397955019, 0.999809680,
2334.418386819, 0.999724448,
2334.438818518, 0.999814432,
2334.459250217, 0.999743350,
2334.479681916, 0.999738200,
2334.500113615, 0.999777473,
2334.520545314, 0.999754532,
2334.540977012, 0.999711385,
2334.561408710, 0.999731805,
2334.581840509, 0.999719370,
2334.602272207, 0.999681431,
2334.622703805, 0.999727476,
2334.643135603, 0.999741193,
2334.663567300, 0.999715694,
2334.683998898, 0.999721256,
2334.704430695, 0.999691188,
2334.724862392, 0.999711453,
2334.745293990, 0.999747918,
2334.765725787, 0.999502546,
2334.786157483, 0.999499618,
2334.806589080, 0.999487536,
2334.827020877, 0.999435720,
2334.847452573, 0.999425207,
2334.867884169, 0.999496871,
2334.888315965, 0.999491348,
2334.908747661, 0.999512717,
2334.929179457, 0.999574986,
2334.949611053, 0.999632465,
2334.970042748, 0.999828464,
2335.010906139, 0.999868725,
2335.031337834, 0.999869476,
2335.051769529, 0.999878564,
2335.072201224, 0.999886848,
2335.092632918, 0.999870992,
2335.113064613, 0.999851806,
2335.133496307, 0.999877723,
2335.153928001, 0.999827045,
2335.174359796, 0.999850311,
2335.194791390, 0.999835962,
2335.215223183, 0.999847392,
2335.235654877, 0.999854475,
2335.256086471, 0.999866434,
2335.276518264, 0.999905456,
2335.296949957, 0.999924282,
2335.317381551, 0.999857625,
2335.337813343, 0.999848185,
2335.358245036, 0.999871713,
2335.378676629, 0.999865356,
2335.399108422, 0.999847904,
2335.419540114, 0.999847871,
2335.439971806, 0.999849821,
2335.460403499, 0.999857608,
2335.480835191, 0.999898505,
2335.501266983, 0.999812923,
2335.521698575, 0.999882463,
2335.542130266, 0.999880365,
2335.562562057, 0.999893277,
2335.582993749, 0.999954021,
2335.603425340, 0.999963969,
2335.623857131, 0.999881594,
2335.644288822, 0.999900314,
2335.664720413, 0.999897421,
2335.685152204, 0.999939802,
2335.705583794, 0.999950735,
2335.726015485, 0.999869902,
2335.746447275, 0.999935384,
2335.766878865, 0.999880913,
2335.787310555, 0.999884171,
2335.807742345, 0.999904134,
2335.828173935, 0.999870903,
2335.848605724, 0.999846276,
2335.869037414, 0.999913049,
2335.889469003, 1.000008028,
2335.909900792, 0.999890069,
2335.930332482, 0.999896224,
2335.950764070, 0.999774459,
2335.991627548, 0.999917530,
2336.012059237, 0.999908014,
2336.032490925, 0.999890238,
2336.052922613, 0.999921292,
2336.073354301, 0.999913555,
2336.093785989, 0.999936253,
2336.114217677, 0.999934410,
2336.134649465, 0.999936866,
2336.155081153, 0.999965290,
2336.175512740, 0.999936530,
2336.195944528, 0.999991294,
2336.216376215, 0.999942529,
2336.236807802, 0.999889649,
2336.257239589, 0.999931043,
2336.277671276, 0.999970742,
2336.298102863, 0.999988896,
2336.318534649, 0.999987868,
2336.338966336, 0.999984891,
2336.359397922, 0.999986560,
2336.379829708, 1.000060805,
2336.400261395, 0.999938174,
2336.420693081, 0.999925212,
2336.441124767, 1.000035014,
2336.461556352, 1.000044086,
2336.481988138, 0.999974738,
2336.502419823, 0.999999533,
2336.522851509, 0.999971618,
2336.543283194, 0.999948225,
2336.563714879, 0.999993525,
2336.584146564, 0.999962268,
2336.604578249, 0.999984607,
2336.625009934, 0.999998917,
2336.645441618, 0.999975372,
2336.665873403, 0.999949254,
2336.686304987, 0.999948901,
2336.706736771, 1.000032824,
2336.727168455, 1.000010175,
2336.747600039, 0.999924827,
2336.768031823, 0.999922644,
2336.788463507, 0.999985132,
2336.808895091, 0.999918059,
2336.829326874, 0.999893741,
2336.849758558, 0.999886799,
2336.870190141, 0.999914430,
2336.890621924, 0.999936821,
2336.911053607, 0.999893187,
2336.931485190, 1.000044871,
2336.972348655, 0.999964649,
2336.992780438, 0.999985073,
2337.013212020, 0.999982670,
2337.033643703, 0.999994893,
2337.054075485, 0.999961744,
2337.074507167, 0.999980038,
2337.094938749, 0.999985336,
2337.115370431, 0.999962140,
2337.135802212, 0.999936329,
2337.156233794, 1.000015213,
2337.176665575, 0.999962318,
2337.197097157, 1.000010522,
2337.217528838, 0.999960147,
2337.237960619, 0.999873838,
2337.258392200, 0.999947851,
2337.278823981, 0.999999790,
2337.299255662, 1.000026149,
2337.319687242, 1.000036363,
2337.340119023, 1.000012634,
2337.360550703, 1.000040911,
2337.380982284, 1.000006521,
2337.401414064, 1.000006681,
2337.421845744, 1.000003738,
2337.442277324, 0.999939989,
2337.462709104, 0.999961027,
2337.483140783, 0.999984186,
2337.503572463, 0.999983635,
2337.524004142, 0.999955212,
2337.544435822, 1.000030781,
2337.564867501, 1.000075314,
2337.585299180, 1.000116772,
2337.605730859, 1.000084404,
2337.626162638, 1.000008479,
2337.646594317, 0.999924596,
2337.667025896, 0.999785934,
2337.707889353, 0.999996554,
2337.728320931, 0.999959672,
2337.748752709, 0.999996144,
2337.769184387, 0.999970230,
2337.789615965, 1.000008024,
2337.810047743, 0.999958191,
2337.830479321, 1.000028622,
2337.850910999, 0.999961179,
2337.871342776, 1.000025001,
2337.891774454, 0.999989969,
2337.912206131, 0.999961447,
2337.973501163, 1.000022398,
2337.993932839, 1.000021371,
2338.014364516, 1.000012194,
2338.034796193, 0.999960031,
2338.055227870, 0.999968657,
2338.075659546, 0.999969316,
2338.096091222, 0.999987466,
2338.116522899, 0.999970116,
2338.136954575, 0.999969537,
2338.157386351, 0.999953233,
2338.177817927, 0.999987098,
2338.198249703, 0.999970299,
2338.218681378, 1.000008640,
2338.239112954, 1.000077327,
2338.259544729, 1.000092077,
2338.279976405, 1.000080798,
2338.300407980, 1.000142476,
2338.320839755, 1.000015517,
2338.341271430, 1.000035822,
2338.361703006, 1.000189267,
2338.382134780, 1.000184353,
2338.402566455, 1.000168743,
2338.443429804, 0.999930125,
2338.463861479, 0.999958370,
2338.484293253, 0.999947484,
2338.504724827, 0.999993027,
2338.525156502, 1.000003374,
2338.545588276, 1.000048411,
2338.566019850, 1.000055761,
2338.586451523, 1.000043092,
2338.606883197, 1.000107199,
2338.627314871, 1.000066624,
2338.647746544, 1.000105621,
2338.668178318, 1.000048618,
2338.688609891, 0.999984627,
2338.709041564, 1.000043782,
2338.729473337, 1.000063230,
2338.749904910, 1.000026003,
2338.770336683, 1.000058762,
2338.790768356, 1.000033456,
2338.811199929, 1.000037967,
2338.831631701, 1.000011896,
2338.852063374, 1.000115143,
2338.872494946, 1.000054666,
2338.892926719, 1.000018219,
2338.913358391, 1.000065001,
2338.933789963, 1.000121684,
2338.954221735, 1.000126436,
2338.974653407, 1.000134369,
2338.995085179, 1.000127539,
2339.015516750, 1.000089444,
2339.035948422, 1.000082503,
2339.056380194, 1.000076595,
2339.076811765, 1.000116766,
2339.097243436, 1.000229293,
2339.117675208, 1.000237549,
2339.138106879, 1.000238336,
2339.178970221, 0.999959450,
2339.199401892, 1.000060223,
2339.219833462, 1.000135474,
2339.240265233, 1.000134548,
2339.260696904, 1.000051721,
2339.281128574, 1.000102369,
2339.301560244, 1.000061971,
2339.321991815, 1.000077945,
2339.342423585, 1.000061880,
2339.362855255, 1.000081443,
2339.383286825, 1.000072450,
2339.403718595, 1.000088211,
2339.424150265, 0.999997231,
2339.444581834, 1.000079049,
2339.465013604, 1.000085492,
2339.485445274, 1.000070301,
2339.505876943, 1.000050020,
2339.526308612, 1.000111810,
2339.546740282, 1.000096965,
2339.567172051, 1.000134516,
2339.587603620, 1.000122352,
2339.608035289, 1.000103823,
2339.628467058, 1.000169005,
2339.648898626, 1.000041160,
2339.669330295, 1.000029251,
2339.689762064, 1.000037653,
2339.710193732, 1.000071506,
2339.730625301, 1.000079532,
2339.751057069, 1.000077646,
2339.771488737, 1.000171923,
2339.791920305, 1.000131573,
2339.812352073, 1.000118112,
2339.832783741, 1.000108953,
2339.853215509, 1.000075138,
2339.873647077, 1.000060460,
2339.914510512, 1.000094558,
2339.934942080, 1.000057406,
2339.955373747, 1.000111070,
2339.975805515, 1.000031888,
2339.996237082, 1.000091476,
2340.016668749, 1.000101980,
2340.037100416, 1.000142824,
2340.057532083, 1.000153959,
2340.077963750, 1.000120494,
2340.098395417, 1.000102502,
2340.118827084, 1.000119275,
2340.159690517, 1.000076787,
2340.180122083, 1.000192490,
2340.200553850, 1.000125974,
2340.220985516, 1.000106220,
2340.241417082, 1.000178584,
2340.261848848, 1.000162547,
2340.282280514, 1.000143530,
2340.302712080, 1.000085132,
2340.323143846, 1.000163166,
2340.343575512, 1.000163188,
2340.364007278, 1.000144593,
2340.384438843, 1.000080204,
2340.404870509, 1.000152390,
2340.425302274, 1.000091182,
2340.445733840, 1.000104631,
2340.466165505, 1.000183617,
2340.486597270, 1.000197734,
2340.507028835, 1.000150534,
2340.527460500, 1.000128406,
2340.547892265, 1.000123867,
2340.568323830, 1.000157874,
2340.588755495, 1.000191338,
2340.609187260, 1.000226016,
2340.629618925, 1.000190483,
2340.650050589, 1.000163018,
2340.670482254, 1.000188110,
2340.690913918, 1.000205215,
2340.711345582, 1.000155182,
2340.731777247, 1.000197949,
2340.752208911, 1.000156314,
2340.772640575, 1.000229304,
2340.793072239, 1.000251411,
2340.813503803, 1.000224556,
2340.833935567, 1.000261567,
2340.854367230, 1.000207038,
2340.874798794, 1.000191567,
2340.895230558, 1.000165364,
2340.915662221, 1.000235701,
2340.936093985, 1.000198888,
2340.956525548, 1.000175544,
2340.976957211, 1.000282686,
2340.997388975, 1.000195721,
2341.017820538, 1.000257698,
2341.038252201, 1.000225387,
2341.058683964, 1.000232074,
2341.079115527, 1.000282802,
2341.099547190, 1.000268181,
2341.119978952, 1.000274907,
2341.140410615, 1.000281229,
2341.160842278, 1.000283308,
2341.181273940, 1.000295963,
2341.201705603, 1.000319470,
2341.222137265, 1.000359831,
2341.242568927, 1.000283520,
2341.263000590, 1.000260106,
2341.283432252, 1.000397511,
2341.303863914, 1.000322583,
2341.324295576, 1.000317312,
2341.344727338, 1.000309453,
2341.365158900, 1.000362637,
2341.385590562, 1.000432130,
2341.406022223, 1.000398200,
2341.426453885, 1.000321251,
2341.446885647, 1.000373932,
2341.467317208, 1.000330334,
2341.487748870, 1.000333439,
2341.508180631, 1.000379488,
2341.528612192, 1.000392886,
2341.549043853, 1.000421732,
2341.569475615, 1.000361111,
2341.589907176, 1.000404362,
2341.610338837, 1.000411041,
2341.630770598, 1.000406956,
2341.651202158, 1.000374974,
2341.671633919, 1.000414341,
2341.692065580, 1.000333353,
2341.712497241, 1.000407304,
2341.732928901, 1.000394770,
2341.753360562, 1.000434545,
2341.773792222, 1.000397730,
2341.794223883, 1.000448773,
2341.814655543, 1.000447265,
2341.835087203, 1.000486133,
2341.896382184, 1.000452064,
2341.916813944, 1.000448396,
2341.937245504, 1.000488676,
2341.957677263, 1.000432000,
2341.978108923, 1.000502218,
2341.998540483, 1.000496073,
2342.018972243, 1.000566193,
2342.039403902, 1.000484970,
2342.059835462, 1.000520070,
2342.080267221, 1.000472986,
2342.100698881, 1.000589115,
2342.121130440, 1.000478278,
2342.141562199, 1.000520702,
2342.161993858, 1.000569799,
2342.182425518, 1.000587726,
2342.202857177, 1.000548798,
2342.223288836, 1.000609729,
2342.243720495, 1.000522956,
2342.264152153, 1.000543258,
2342.284583812, 1.000505037,
2342.305015471, 1.000549031,
2342.325447130, 1.000567889,
2342.345878788, 1.000561894,
2342.366310547, 1.000577964,
2342.386742105, 1.000558454,
2342.407173764, 1.000582836,
2342.427605522, 1.000526488,
2342.448037081, 1.000565733,
2342.468468839, 1.000580398,
2342.488900497, 1.000639686,
2342.509332055, 1.000628977,
2342.529763813, 1.000670102,
2342.550195471, 1.000556883,
2342.570627029, 1.000587630,
2342.591058787, 1.000640605,
2342.611490445, 1.000586673,
2342.631922003, 1.000617350,
2342.652353761, 1.000587427,
2342.672785418, 1.000603335,
2342.693217176, 1.000621357,
2342.713648733, 1.000638081,
2342.734080391, 1.000613377,
2342.754512148, 1.000556135,
2342.774943706, 1.000606722,
2342.795375363, 1.000612026,
2342.815807020, 1.000594769,
2342.836238777, 1.000630797,
2342.856670335, 1.000666759,
2342.877102092, 1.000642315,
2342.897533649, 1.000670090,
2342.917965406, 1.000665223,
2342.938397063, 1.000650027,
2342.958828619, 1.000619467,
2342.979260376, 1.000571167,
2342.999692033, 1.000594902,
2343.020123590, 1.000618015,
2343.040555346, 1.000572950,
2343.060987003, 1.000601062,
2343.081418559, 1.000564821,
2343.101850316, 1.000550661,
2343.122281972, 1.000490528,
2343.142713529, 1.000561774,
2343.163145285, 1.000585370,
2343.183576941, 1.000550106,
2343.204008698, 1.000582126,
2343.224440254, 1.000600403,
2343.244871910, 1.000595677,
2343.265303666, 1.000551160,
2343.285735222, 1.000548515,
2343.306166878, 1.000617451,
2343.326598634, 1.000589837,
2343.347030289, 1.000573770,
2343.367461845, 1.000513158,
2343.387893601, 1.000517976,
2343.408325257, 1.000559173,
2343.428756912, 1.000554109,
2343.449188568, 1.000534785,
2343.469620224, 1.000568619,
2343.490051979, 1.000571698,
2343.510483534, 1.000537852,
2343.530915190, 1.000501322,
2343.551346845, 1.000585131,
2343.571778500, 1.000541774,
2343.592210156, 1.000563308,
2343.612641811, 1.000512372,
2343.633073466, 1.000540913,
2343.653505221, 1.000490661,
2343.673936776, 1.000556951,
2343.694368431, 1.000523644,
2343.714800186, 1.000534494,
2343.735231741, 1.000557361,
2343.755663396, 1.000551009,
2343.776095151, 1.000578393,
2343.796526705, 1.000569800,
2343.837390115, 1.000858108,
2343.857821769, 1.000893612,
2343.878253324, 1.000837823,
2343.898685079, 1.000797421,
2343.919116733, 1.000840986,
2343.939548387, 1.000865397,
2343.959980042, 1.000974258,
2343.980411696, 1.000843435,
2344.000843450, 1.000817762,
2344.021275005, 1.000839696,
2344.041706659, 1.000864114,
2344.062138413, 1.000872550,
2344.082569967, 1.000889417,
2344.103001621, 1.000833273,
2344.123433375, 1.000899675,
2344.143864929, 1.000846431,
2344.164296683, 1.000863449,
2344.184728337, 1.000917389,
2344.205159891, 1.000920791,
2344.225591645, 1.000931301,
2344.246023299, 1.000925819,
2344.266454853, 1.000936691,
2344.286886606, 1.001039977,
2344.307318160, 1.000884796,
2344.327749913, 1.000838807,
2344.348181567, 1.000846349,
2344.368613121, 1.000863481,
2344.389044874, 1.000861322,
2344.409476528, 1.000875074,
2344.429908181, 1.000869059,
2344.450339834, 1.000936175,
2344.470771488, 1.000890870,
2344.491203141, 1.000921243,
2344.511634794, 1.000962466,
2344.532066447, 1.000983335,
2344.552498101, 1.000980369,
2344.572929854, 1.000937924,
2344.593361407, 1.000941982,
2344.613793060, 1.000842368,
2344.634224813, 1.000853399,
2344.654656366, 1.000828622,
2344.675088119, 1.000848295,
2344.695519772, 1.000874168,
2344.715951325, 1.000820218,
2344.736383078, 1.000877644,
2344.756814730, 1.000815792,
2344.777246283, 1.000814341,
2344.818109689, 1.000911384,
2344.838541341, 1.000925307,
2344.858972994, 1.000919700,
2344.879404646, 1.000921425,
2344.899836399, 1.000878710,
2344.920267952, 1.000945804,
2344.940699604, 1.000946415,
2344.961131257, 1.000904562,
2344.981562909, 1.000793449,
2345.001994561, 1.000867504,
2345.022426314, 1.000913381,
2345.063289518, 1.000919350,
2345.083721271, 1.000896160,
2345.104152823, 1.000966792,
2345.124584575, 1.000895341,
2345.145016227, 1.000878956,
2345.165447779, 1.000759232,
2345.185879531, 1.001094713,
2345.206311183, 1.000847441,
2345.226742735, 1.000899703,
2345.247174487, 1.000959361,
2345.267606139, 1.000882425,
2345.288037691, 1.000859929,
2345.308469443, 1.000879656,
2345.328901095, 1.000863761,
2345.349332847, 1.000880378,
2345.369764399, 1.000927677,
2345.390196051, 1.000900931,
2345.410627802, 1.000858318,
2345.431059354, 1.000882321,
2345.451491006, 1.000948119,
2345.471922757, 1.000874014,
2345.492354409, 1.000924612,
2345.512785961, 1.000806431,
2345.533217712, 1.000874765,
2345.553649364, 1.000871575,
2345.574081015, 1.000922017,
2345.594512667, 1.000861713,
2345.614944318, 1.000936923,
2345.635375970, 1.000901662,
2345.655807621, 1.000909585,
2345.676239272, 1.000869301,
2345.696670924, 1.000914493,
2345.717102575, 1.000940632,
2345.737534227, 1.000885112,
2345.757965878, 1.000619777,
2345.798829080, 1.000985390,
2345.819260831, 1.000941129,
2345.839692483, 1.000967553,
2345.860124234, 1.000975343,
2345.880555785, 1.000973108,
2345.900987436, 1.001020329,
2345.921419187, 1.000943379,
2345.941850738, 1.000937292,
2345.962282389, 1.000966181,
2345.982714140, 1.001036972,
2346.003145691, 1.000988011,
2346.044009093, 1.001003965,
2346.064440744, 1.001009976,
2346.084872395, 1.000932175,
2346.105304046, 1.001037369,
2346.125735697, 1.001037443,
2346.146167348, 1.001019232,
2346.166598998, 1.001096260,
2346.187030649, 1.001062568,
2346.207462400, 1.000938179,
2346.227893951, 1.000999275,
2346.248325601, 1.001030041,
2346.289188903, 1.001022100,
2346.309620653, 1.000972002,
2346.330052304, 1.000964273,
2346.350483855, 1.001056179,
2346.370915605, 1.001078540,
2346.391347256, 1.001043338,
2346.411778807, 1.001028056,
2346.432210557, 1.001022700,
2346.452642108, 1.001089084,
2346.473073758, 1.001012013,
2346.493505509, 1.001018514,
2346.534368810, 1.001027209,
2346.554800460, 1.001041804,
2346.575232111, 1.000985481,
2346.595663761, 1.001078503,
2346.616095411, 1.001040238,
2346.636527062, 1.001011190,
2346.656958712, 1.001051506,
2346.677390362, 1.001045370,
2346.697822013, 1.001056426,
2346.718253763, 1.001153571,
2346.738685313, 1.001059356,
2346.779548714, 1.001096141,
2346.799980264, 1.001003922,
2346.820412014, 1.001142036,
2346.840843665, 1.001175224,
2346.861275215, 1.001088435,
2346.881706965, 1.001085243,
2346.902138615, 1.000997186,
2346.922570165, 1.001012772,
2346.943001916, 1.001047917,
2346.963433566, 1.001044390,
2346.983865316, 1.001070399,
2347.004296866, 1.001019683,
2347.024728516, 1.001101795,
2347.045160166, 1.000978922,
2347.065591816, 1.001041875,
2347.086023466, 1.001039556,
2347.106455217, 1.001062610,
2347.126886767, 1.001120480,
2347.147318417, 1.000987013,
2347.167750067, 1.001081401,
2347.188181717, 1.001036867,
2347.208613467, 1.001092689,
2347.229045017, 1.001084135,
2347.269908417, 1.001068622,
2347.290340067, 1.000997829,
2347.310771617, 1.001046498,
2347.331203367, 1.001090998,
2347.351635016, 1.001032635,
2347.372066566, 1.001142625,
2347.392498316, 1.001192718,
2347.412929966, 1.001154919,
2347.433361716, 1.001208553,
2347.453793266, 1.001152990,
2347.474224916, 1.001128214,
2347.515088216, 1.001110927,
2347.535519866, 1.001031414,
2347.555951615, 1.001066239,
2347.576383165, 1.001131942,
2347.596814815, 1.001078395,
2347.617246565, 1.001108856,
2347.637678115, 1.001101502,
2347.658109865, 1.001113007,
2347.678541515, 1.001116849,
2347.698973164, 1.001003459,
2347.719404814, 1.001110843,
2347.760268114, 1.001111655,
2347.780699764, 1.001059223,
2347.801131414, 1.001110302,
2347.821563063, 1.001077354,
2347.841994713, 1.001075219,
2347.862426363, 1.001142886,
2347.882858113, 1.001119349,
2347.903289662, 1.001112309,
2347.923721312, 1.001086006,
2347.944153062, 1.001099568,
2347.964584612, 1.000999670,
2348.005448011, 1.001085841,
2348.025879561, 1.001128619,
2348.046311211, 1.001066469,
2348.066742961, 1.001058821,
2348.087174510, 1.001123857,
2348.107606260, 1.001189349,
2348.128037910, 1.001074593,
2348.148469460, 1.001070360,
2348.168901210, 1.001169587,
2348.189332859, 1.001150972,
2348.209764509, 1.001143905,
2348.250627809, 1.001142963,
2348.271059458, 1.001079062,
2348.291491108, 1.001089428,
2348.311922758, 1.001094433,
2348.332354508, 1.001100221,
2348.352786158, 1.001094383,
2348.373217707, 1.001079662,
2348.393649457, 1.001071104,
2348.414081107, 1.001147826,
2348.434512657, 1.001114264,
2348.454944407, 1.001166903,
2348.495807606, 1.001126156,
2348.516239356, 1.001137625,
2348.536670906, 1.001056011,
2348.557102656, 1.001097300,
2348.577534305, 1.001090296,
2348.597965855, 1.001155613,
2348.618397605, 1.001149102,
2348.638829255, 1.001029583,
2348.659260805, 1.001018834,
2348.679692555, 1.001009860,
2348.700124204, 1.001048402,
2348.740987504, 1.001217527,
2348.761419154, 1.001148544,
2348.781850904, 1.001194058,
2348.802282454, 1.001168288,
2348.822714104, 1.001153938,
2348.843145853, 1.001159405,
2348.863577403, 1.001127148,
2348.884009053, 1.001138956,
2348.904440803, 1.001030379,
2348.924872453, 1.001182404,
2348.945304103, 1.001162471,
2348.986167403, 1.001185526,
2349.006599053, 1.001281866,
2349.027030703, 1.001324362,
2349.047462353, 1.001184413,
2349.067894103, 1.001234763,
2349.088325653, 1.001281581,
2349.108757303, 1.001220823,
2349.129189053, 1.001195319,
2349.149620603, 1.001255697,
2349.170052353, 1.001112069,
2349.190483903, 1.001174121,
2349.231347303, 1.001256368,
2349.251778853, 1.001252682,
2349.272210503, 1.001374665,
2349.292642253, 1.001254442,
2349.313073803, 1.001300505,
2349.333505454, 1.001260288,
2349.353937204, 1.001338859,
2349.374368754, 1.001303409,
2349.394800504, 1.001315102,
2349.415232154, 1.001336892,
2349.435663804, 1.001223676,
2349.476527105, 1.001399948,
2349.496958755, 1.001237374,
2349.517390405, 1.001258860,
2349.537822056, 1.001264574,
2349.558253706, 1.001353542,
2349.578685456, 1.001287446,
2349.599117007, 1.001285615,
2349.619548757, 1.001368274,
2349.639980407, 1.001300221,
2349.660411958, 1.001391284,
2349.680843708, 1.001350422,
2349.742138659, 1.001123952,
2349.762570310, 1.001170875,
2349.783002060, 1.001211040,
2349.803433611, 1.001176437,
2349.823865261, 1.001142576,
2349.844297011, 1.001228899,
2349.864728562, 1.001268675,
2349.885160213, 1.001292637,
2349.905591863, 1.001260864,
2349.926023514, 1.001302793,
2349.946455164, 1.001303377,
2349.966886815, 1.001428955,
2349.987318466, 1.001290507,
2350.007750216, 1.001336666,
2350.028181767, 1.001360523,
2350.048613418, 1.001323906,
2350.069045168, 1.001205801,
2350.089476819, 1.001334406,
2350.109908370, 1.001278008,
2350.130340121, 1.001236003,
2350.150771771, 1.001337617,
2350.171203322, 1.001174442,
2350.212066724, 1.001245096,
2350.232498475, 1.001292383,
2350.252930026, 1.001328322,
2350.273361677, 1.001343498,
2350.293793428, 1.001329687,
2350.314224978, 1.001239842,
2350.334656629, 1.000993990,
2350.355088381, 1.000964372,
2350.375519932, 1.000939229,
2350.395951683, 1.001026743,
2350.416383334, 1.001016579,
2350.457246636, 1.000821519,
2350.477678287, 1.001072165,
2350.498109838, 1.001277524,
2350.518541590, 1.001205326,
2350.538973241, 1.001242934,
2350.559404892, 1.001342789,
2350.579836543, 1.001328401,
2350.600268195, 1.001368854,
2350.620699846, 1.001386822,
2350.641131497, 1.001324988,
2350.661563149, 1.001323935,
2350.681994800, 1.001348556,
2350.702426452, 1.001278516,
2350.722858103, 1.001308041,
2350.743289855, 1.001301388,
2350.763721406, 1.001388690,
2350.784153158, 1.001339517,
2350.804584809, 1.001334408,
2350.825016361, 1.001375812,
2350.845448112, 1.001304729,
2350.865879764, 1.001306777,
2350.886311316, 1.001411207,
2350.906743068, 1.001270593,
2350.947606271, 1.001341050,
2350.968038023, 1.001339222,
2350.988469675, 1.001459164,
2351.008901427, 1.001369050,
2351.029332978, 1.001414354,
2351.049764630, 1.001391144,
2351.070196382, 1.001467712,
2351.090627934, 1.001379610,
2351.111059586, 1.001442943,
2351.131491338, 1.001409303,
2351.151922891, 1.001203073,
2351.192786295, 1.001450134,
2351.213217947, 1.001385641,
2351.233649599, 1.001378578,
2351.254081251, 1.001417307,
2351.274512804, 1.001411905,
2351.294944556, 1.001378181,
2351.315376208, 1.001418476,
2351.335807861, 1.001428951,
2351.356239513, 1.001340011,
2351.376671166, 1.001402533,
2351.397102918, 1.001344141,
2351.437966123, 1.001354996,
2351.458397876, 1.001375651,
2351.478829428, 1.001277746,
2351.499261081, 1.001348483,
2351.519692834, 1.001347822,
2351.540124386, 1.001321914,
2351.560556039, 1.001372829,
2351.580987792, 1.001390010,
2351.601419345, 1.001393918,
2351.621851098, 1.001421324,
2351.642282751, 1.001308106,
2351.703577710, 1.001269250,
2351.724009263, 1.001383844,
2351.744441016, 1.001408514,
2351.764872669, 1.001211511,
2351.785304422, 1.001336950,
2351.805735975, 1.001398307,
2351.826167628, 1.001370106,
2351.846599382, 1.001253542,
2351.867031035, 1.001210884,
2351.887462588, 1.001247918,
2351.907894342, 1.001290987,
2351.928325995, 1.001252370,
2351.948757549, 1.001150631,
2351.969189302, 1.001250252,
2351.989620956, 1.001232292,
2352.010052609, 1.001226447,
2352.030484263, 1.001227656,
2352.050915817, 1.001256720,
2352.071347571, 1.001242597,
2352.091779224, 1.001290471,
2352.112210778, 1.001374244,
2352.132642532, 1.001266276,
2352.173505940, 1.001408002,
2352.193937494, 1.001274754,
2352.214369148, 1.001363786,
2352.234800902, 1.001403378,
2352.255232456, 1.001309694,
2352.275664110, 1.001267011,
2352.296095864, 1.001264066,
2352.316527419, 1.001384598,
2352.336959073, 1.001226855,
2352.357390827, 1.001280384,
2352.377822482, 1.001291276,
2352.418685790, 1.001319156,
2352.439117445, 1.001312490,
2352.479980754, 1.001295089,
2352.500412409, 1.001312240,
2352.520844063, 1.001335325,
2352.541275718, 1.001342033,
2352.561707473, 1.001389666,
2352.582139128, 1.001344010,
2352.602570683, 1.001416223,
2352.623002438, 1.001370728,
2352.663865648, 1.001297562,
2352.684297403, 1.001244477,
2352.704728958, 1.001351035,
2352.725160713, 1.001340780,
2352.745592368, 1.001345915,
2352.766023923, 1.001344283,
2352.786455679, 1.001381467,
2352.806887334, 1.001488500,
2352.827318889, 1.001451318,
2352.847750645, 1.001407237,
2352.868182300, 1.001269373,
2352.909045611, 1.001637165,
2352.929477267, 1.001439302,
2352.949909023, 1.001395751,
2352.970340579, 1.001272475,
2352.990772234, 1.001386020,
2353.011203990, 1.001347253,
2353.031635546, 1.001357538,
2353.052067202, 1.001408209,
2353.072498958, 1.001676774,
2353.092930614, 1.001635777,
2353.113362270, 1.001514633,
2353.133793926, 1.001571282,
2353.154225583, 1.001486265,
2353.174657239, 1.001447636,
2353.195088895, 1.001419585,
2353.215520552, 1.001410760,
2353.235952308, 1.001437696,
2353.256383865, 1.001485828,
2353.276815521, 1.001410727,
2353.297247278, 1.001430753,
2353.317678834, 1.001426957,
2353.338110591, 1.001431362,
2353.358542248, 1.001411475,
2353.399405561, 1.001500212,
2353.419837118, 1.001464562,
2353.440268775, 1.001477449,
2353.460700532, 1.001543452,
2353.481132089, 1.001466976,
2353.501563847, 1.001405710,
2353.521995504, 1.001288341,
2353.542427061, 1.000186436,
2353.562858818, 0.998483318,
2353.583290476, 0.997626362,
2353.603722133, 0.997336486,
2353.665017206, 0.996839119,
2353.685448763, 0.996790771,
2353.705880421, 0.996657998,
2353.726312179, 0.996605336,
2353.746743837, 0.996518671,
2353.767175395, 0.996595073,
2353.787607153, 0.996447846,
2353.808038811, 0.996474281,
2353.828470369, 0.996436951,
2353.848902127, 0.996327852,
2353.869333785, 0.996379102,
2353.889765543, 0.996315734,
2353.910197102, 0.996291686,
2353.930628760, 0.996318754,
2353.951060518, 0.996457377,
2353.971492077, 0.996369821,
2353.991923735, 0.996347953,
2354.012355494, 0.996410334,
2354.032787053, 0.996514832,
2354.053218811, 0.996488118,
2354.073650370, 0.996525292,
2354.094082029, 0.996577141,
2354.134945347, 0.996758364,
2354.155377006, 0.996975426,
2354.175808765, 0.997018415,
2354.196240324, 0.997166884,
2354.216671984, 0.997355980,
2354.237103743, 0.997617411,
2354.257535402, 0.998031171,
2354.277967062, 0.999421983,
2354.298398721, 1.000979171,
2354.318830381, 1.001502095,
2354.339262040, 1.001543740,
2354.380125360, 1.001478643,
2354.400557120, 1.001444493,
2354.420988680, 1.001502793,
2354.441420440, 1.001488681,
2354.461852100, 1.001443639,
2354.482283660, 1.001365403,
2354.502715420, 1.001492999,
2354.523147080, 1.001558249,
2354.543578640, 1.001422744,
2354.564010401, 1.001511640,
2354.584442061, 1.001563705,
2354.604873822, 1.001479998,
2354.625305382, 1.001463305,
2354.645737043, 1.001384535,
2354.666168704, 1.001449154,
2354.686600364, 1.001442321,
2354.707032025, 1.001459204,
2354.727463686, 1.001432481,
2354.747895347, 1.001296160,
2354.768327008, 1.001376518,
2354.788758669, 1.001418150,
2354.809190330, 1.001437102,
2354.829622092, 1.001470558,
2354.870485314, 1.001449976,
2354.890917076, 1.001473099,
2354.911348637, 1.001549743,
2354.931780299, 1.001529355,
2354.952212061, 1.001406642,
2354.972643722, 1.001525736,
2354.993075384, 1.001562063,
2355.013507046, 1.001526863,
2355.033938708, 1.001546443,
2355.054370470, 1.001502891,
2355.074802032, 1.001638102,
2355.115665457, 1.001595779,
2355.136097019, 1.001594042,
2355.156528781, 1.001548733,
2355.176960444, 1.001503196,
2355.197392006, 1.001532693,
2355.217823769, 1.001563597,
2355.238255432, 1.001540810,
2355.258686994, 1.001567865,
2355.279118757, 1.001598453,
2355.299550420, 1.001521331,
2355.319981983, 1.001630465,
2355.360845409, 1.001560193,
2355.381277173, 1.001586566,
2355.401708736, 1.001602021,
2355.422140399, 1.001624135,
2355.442572063, 1.001603283,
2355.463003726, 1.001648304,
2355.483435390, 1.001702850,
2355.503867054, 1.001662866,
2355.524298717, 1.001685987,
2355.544730481, 1.001642139,
2355.565162045, 1.001482910,
2355.606025473, 1.001569916,
2355.626457137, 1.001546247,
2355.646888702, 1.001585110,
2355.667320466, 1.001631614,
2355.687752130, 1.001570370,
2355.708183795, 1.001570614,
2355.728615459, 1.001634992,
2355.749047124, 1.001655972,
2355.769478889, 1.001663072,
2355.789910453, 1.001618751,
2355.810342118, 1.001607485,
2355.851205448, 1.001601147,
2355.871637113, 1.001651536,
2355.892068878, 1.001647674,
2355.912500444, 1.001527829,
2355.932932209, 1.001647447,
2355.953363874, 1.001610316,
2355.973795440, 1.001671089,
2355.994227206, 1.001665720,
2356.014658871, 1.001581426,
2356.035090537, 1.001665078,
2356.055522203, 1.001570436,
2356.075953869, 1.001606734,
2356.096385535, 1.001667186,
2356.116817201, 1.001663343,
2356.137248867, 1.001675919,
2356.157680533, 1.001629523,
2356.178112200, 1.001671524,
2356.198543866, 1.001631186,
2356.218975533, 1.001598922,
2356.239407199, 1.001675294,
2356.259838966, 1.001614094,
2356.280270633, 1.001667733,
2356.300702199, 1.001765931,
2356.341565633, 1.001606967,
2356.361997201, 1.001624355,
2356.382428968, 1.001619377,
2356.402860635, 1.001625407,
2356.423292202, 1.001592847,
2356.443723970, 1.001598900,
2356.464155637, 1.001497030,
2356.484587405, 1.001575280,
2356.505018973, 1.001556750,
2356.525450641, 1.001590833,
2356.545882408, 1.001617054,
2356.586745644, 1.001641332,
2356.607177413, 1.001590768,
2356.627608981, 1.001518833,
2356.648040749, 1.001529340,
2356.668472418, 1.001517160,
2356.688903986, 1.001600207,
2356.709335755, 1.001556261,
2356.729767423, 1.001489742,
2356.750199092, 1.001543512,
2356.770630761, 1.001547481,
2356.791062430, 1.001592892,
2356.831925768, 1.001610382,
2356.852357437, 1.001541963,
2356.872789107, 1.001504530,
2356.893220776, 1.001505315,
2356.913652446, 1.001509678,
2356.934084215, 1.001559565,
2356.954515785, 1.001523216,
2356.974947455, 1.001558520,
2356.995379225, 1.001507535,
2357.015810795, 1.001629588,
2357.036242565, 1.001586719,
2357.077105805, 1.001362071,
2357.097537575, 1.001504760,
2357.117969246, 1.001572890,
2357.138400816, 1.001553875,
2357.158832587, 1.001537559,
2357.179264258, 1.001639786,
2357.199696028, 1.001563897,
2357.220127599, 1.001493773,
2357.240559270, 1.001475845,
2357.260991041, 1.001493087,
2357.281422613, 1.001566478,
2357.322286055, 1.001546572,
2357.342717627, 1.001532827,
2357.363149398, 1.001494525,
2357.383581070, 1.001553301,
2357.404012742, 1.001568852,
2357.424444414, 1.001602401,
2357.444876086, 1.001502521,
2357.465307758, 1.001567184,
2357.485739430, 1.001539784,
2357.506171102, 1.001527437,
2357.526602674, 1.001584183,
2357.587897792, 1.001502552,
2357.608329465, 1.001505046,
2357.628761138, 1.001480533,
2357.649192911, 1.001554181,
2357.669624484, 1.001521035,
2357.690056157, 1.001518649,
2357.710487930, 1.001509962,
2357.730919503, 1.001554837,
2357.751351277, 1.001467333,
2357.771782950, 1.001567734,
2357.812646298, 1.001583134,
2357.833077972, 1.001502063,
2357.853509546, 1.001523849,
2357.873941320, 1.001563525,
2357.894372994, 1.001578805,
2357.914804768, 1.001595800,
2357.935236342, 1.001552556,
2357.955668017, 1.001600369,
2357.976099791, 1.001584049,
2357.996531366, 1.001528633,
2358.016963041, 1.001618313,
2358.057826491, 1.001610590,
2358.078258166, 1.001558939,
2358.098689841, 1.001536332,
2358.119121516, 1.001663978,
2358.139553191, 1.001583701,
2358.159984867, 1.001653300,
2358.180416443, 1.001555567,
2358.200848218, 1.001596231,
2358.221279894, 1.001659416,
2358.241711470, 1.001578146,
2358.262143246, 1.001647724,
2358.303006698, 1.001549515,
2358.323438275, 1.001594168,
2358.343869951, 1.001579148,
2358.364301728, 1.001546030,
2358.384733304, 1.001600584,
2358.405164981, 1.001624679,
2358.425596758, 1.001540468,
2358.446028335, 1.001642743,
2358.466460112, 1.001736069,
2358.486891789, 1.001586195,
2358.507323366, 1.001622076,
2358.548186821, 1.001677073,
2358.568618399, 1.001585885,
2358.589050177, 1.001620607,
2358.609481854, 1.001595178,
2358.629913632, 1.001561567,
2358.650345210, 1.001691860,
2358.670776889, 1.001668344,
2358.691208667, 1.001633612,
2358.711640345, 1.001750770,
2358.732071924, 1.001597904,
2358.752503702, 1.001723679,
2358.793366960, 1.001627707,
2358.813798739, 1.001660922,
2358.834230318, 1.001610584,
2358.854662097, 1.001588623,
2358.875093776, 1.001609904,
2358.895525356, 1.001667253,
2358.915957135, 1.001580218,
2358.936388815, 1.001627844,
2358.956820395, 1.001708566,
2358.977252174, 1.001577788,
2358.997683854, 1.001646726,
2359.038547215, 1.001602147,
2359.058978895, 1.001642881,
2359.079410675, 1.001580280,
2359.099842256, 1.001672260,
2359.120273936, 1.001642775,
2359.140705717, 1.001663672,
2359.161137298, 1.001634624,
2359.181569079, 1.001683555,
2359.202000760, 1.001520909,
2359.222432341, 1.001614668,
2359.242864123, 1.001604134,
2359.283727486, 1.001712551,
2359.304159167, 1.001631500,
2359.324590849, 1.001638410,
2359.345022531, 1.001654547,
2359.365454213, 1.001665228,
2359.385885895, 1.001642803,
2359.406317677, 1.001618750,
2359.426749360, 1.001528857,
2359.447180942, 1.001500287,
2359.467612725, 1.001634554,
2359.528907773, 1.001537463,
2359.549339356, 1.001587305,
2359.569771140, 1.001659560,
2359.590202823, 1.001682100,
2359.610634406, 1.001650433,
2359.631066190, 1.001656829,
2359.651497873, 1.001574719,
2359.671929457, 1.001631556,
2359.692361241, 1.001467134,
2359.712792925, 1.001613809,
2359.733224709, 1.001633188,
2359.753656294, 1.001665306,
2359.774087978, 1.001668076,
2359.794519763, 1.001630465,
2359.814951347, 1.001693724,
2359.835383032, 1.001680168,
2359.855814817, 1.001587000,
2359.876246402, 1.001666802,
2359.896678187, 1.001569333,
2359.917109872, 1.001654109,
2359.937541557, 1.001701726,
2359.957973243, 1.001681561,
2359.978404929, 1.001599033,
2360.019268300, 1.001671520,
2360.100995045, 1.001694405,
2360.141858518, 1.001632538,
2360.162290105, 1.001662816,
2360.182721892, 1.001670392,
2360.203153478, 1.001739227,
2360.223585166, 1.001739768,
2360.264448540, 1.001681431,
2360.284880328, 1.001627060,
2360.305312015, 1.001706162,
2360.325743603, 1.001666116,
2360.346175391, 1.001755211,
2360.366607079, 1.001656305,
2360.387038667, 1.001678046,
2360.407470455, 1.001726155,
2360.427902144, 1.001813567,
2360.448333932, 1.001731008,
2360.468765521, 1.001660129,
2360.509628998, 1.001636941,
2360.530060587, 1.001814360,
2360.550492276, 1.001662163,
2360.570924066, 1.001694488,
2360.591355755, 1.001707428,
2360.611787445, 1.001616681,
2360.632219134, 1.001759713,
2360.652650824, 1.001722017,
2360.673082514, 1.001679075,
2360.693514204, 1.001646573,
2360.713945894, 1.001669899,
2360.734377684, 1.001739651,
2360.754809275, 1.001721850,
2360.775240965, 1.001695585,
2360.795672656, 1.001705898,
2360.816104347, 1.001691084,
2360.836536138, 1.001547299,
2360.856967829, 1.001665144,
2360.877399420, 1.001753446,
2360.897831212, 1.001660390,
2360.918262803, 1.001661907,
2360.938694495, 1.001781165,
2360.999989670, 1.001658739,
2361.020421363, 1.001768585,
2361.040852955, 1.001653737,
2361.061284747, 1.001694651,
2361.081716440, 1.001628237,
2361.102148132, 1.001639502,
2361.122579825, 1.001682943,
2361.143011518, 1.001767232,
2361.163443311, 1.001580143,
2361.183874905, 1.001645484,
2361.204306598, 1.001755376,
2361.245169985, 1.001605497,
2361.265601679, 1.001598937,
2361.286033473, 1.001641753,
2361.306465167, 1.001711820,
2361.326896861, 1.001677177,
2361.347328555, 1.001771045,
2361.367760250, 1.001805216,
2361.388191944, 1.001629260,
2361.408623639, 1.001808404,
2361.429055334, 1.001733056,
2361.449487129, 1.001874468,
2361.510782215, 1.001659095,
2361.531213810, 1.001719784,
2361.551645606, 1.001657039,
2361.572077202, 1.001752024,
2361.592508898, 1.001615500,
2361.612940694, 1.001666826,
2361.633372290, 1.001663464,
2361.653803987, 1.001673664,
2361.674235783, 1.001662474,
2361.694667380, 1.001624143,
2361.735530874, 1.001677039,
2361.755962471, 1.001745853,
2361.776394268, 1.001589736,
2361.796825965, 1.001618695,
2361.817257663, 1.001503704,
2361.837689360, 1.001364580,
2361.858121058, 1.001389406,
2361.878552856, 1.001304750,
2361.898984454, 1.001394132,
2361.919416152, 1.001585208,
2361.939847951, 1.001723502,
2361.980711248, 1.001685025,
2362.001143047, 1.001621010,
2362.021574746, 1.001559661,
2362.042006445, 1.001658077,
2362.062438144, 1.001619766,
2362.082869843, 1.001697730,
2362.103301643, 1.001559833,
2362.123733243, 1.001672912,
2362.144164942, 1.001606726,
2362.164596742, 1.001574565,
2362.185028342, 1.001749047,
2362.225891743, 1.001742698,
2362.246323444, 1.001560802,
2362.266755244, 1.001654800,
2362.287186845, 1.001662436,
2362.307618546, 1.001612404,
2362.328050347, 1.001636808,
2362.348481948, 1.001705929,
2362.368913750, 1.001630006,
2362.389345451, 1.001654180,
2362.409777053, 1.001661223,
2362.430208855, 1.001747511,
2362.471072259, 1.001719635,
2362.491503961, 1.001719800,
2362.511935664, 1.001624142,
2362.532367367, 1.001710724,
2362.552799069, 1.001782007,
2362.573230772, 1.001641726,
2362.593662575, 1.001685354,
2362.614094278, 1.001736839,
2362.634525882, 1.001682582,
2362.654957685, 1.001650341,
2362.675389389, 1.001664136,
2362.716252797, 1.001304981,
2362.736684501, 1.001682556,
2362.757116305, 1.001590233,
2362.777547909, 1.001668539,
2362.797979614, 1.001639114,
2362.818411419, 1.001702562,
2362.838843023, 1.001593989,
2362.859274728, 1.001602925,
2362.879706534, 1.001725131,
2362.900138139, 1.001680820,
2362.920569944, 1.001678367,
2362.941001550, 1.001681357,
2362.961433256, 1.001647316,
2362.981865062, 1.001656016,
2363.002296668, 1.001696499,
2363.022728374, 1.001695366,
2363.043160180, 1.001710914,
2363.063591787, 1.001557842,
2363.084023594, 1.001644729,
2363.104455300, 1.001641960,
2363.124887007, 1.001584999,
2363.145318715, 1.001646142,
2363.165750422, 1.001652661,
2363.206613837, 1.001618984,
2363.227045545, 1.001647749,
2363.247477353, 1.001655888,
2363.267908961, 1.001661124,
2363.288340669, 1.001600618,
2363.308772477, 1.001682122,
2363.329204186, 1.001666718,
2363.349635795, 1.001618601,
2363.370067603, 1.001727689,
2363.390499312, 1.001608484,
2363.410930922, 1.001754508,
2363.451794440, 1.001602918,
2363.472226250, 1.001568292,
2363.492657860, 1.001624632,
2363.513089570, 1.001646232,
2363.533521380, 1.001644141,
2363.553952991, 1.001557687,
2363.574384701, 1.001545744,
2363.594816412, 1.001606113,
2363.615248123, 1.001628225,
2363.635679933, 1.001495033,
2363.656111545, 1.001577478,
2363.676543256, 1.001660128,
2363.696975067, 1.001594504,
2363.717406679, 1.001616265,
2363.737838391, 1.001544504,
2363.758270202, 1.001635212,
2363.778701914, 1.001642861,
2363.799133627, 1.001624808,
2363.819565339, 1.001564716,
2363.839997052, 1.001629465,
2363.860428764, 1.001655921,
2363.880860477, 1.001592841,
2363.901292190, 1.001658250,
2363.942155617, 1.001559997,
2363.962587430, 1.001632475,
2363.983019144, 1.001549598,
2364.003450758, 1.001646252,
2364.023882572, 1.001540185,
2364.044314286, 1.001690808,
2364.064745900, 1.001578197,
2364.085177715, 1.001629965,
2364.105609429, 1.001591563,
2364.126041244, 1.001633669,
2364.146472859, 1.001625094,
2364.166904574, 1.001656724,
2364.187336289, 1.001647397,
2364.207768005, 1.001552118,
2364.228199721, 1.001614869,
2364.248631436, 1.001600920,
2364.269063152, 1.001617423,
2364.289494968, 1.001639454,
2364.309926585, 1.001612296,
2364.330358301, 1.001685014,
2364.350790118, 1.001652320,
2364.371221735, 1.001659910,
2364.391653452, 1.001621180,
2364.432516886, 1.001616446,
2364.452948604, 1.001686134,
2364.473380421, 1.001614226,
2364.493812139, 1.001672538,
2364.514243857, 1.001591016,
2364.534675575, 1.001659533,
2364.555107293, 1.001635367,
2364.575539012, 1.001643776,
2364.595970731, 1.001659681,
2364.616402449, 1.001731968,
2364.636834268, 1.001612783,
2364.677697707, 1.001667640,
2364.698129426, 1.001646432,
2364.718561046, 1.001721338,
2364.738992866, 1.001655539,
2364.759424586, 1.001725930,
2364.779856206, 1.001692196,
2364.800288026, 1.001726684,
2364.820719747, 1.001729731,
2364.841151568, 1.001773510,
2364.861583189, 1.001707822,
2364.882014910, 1.001663437,
2364.922878352, 1.001778053,
2364.943310074, 1.001704766,
2364.963741796, 1.001736022,
2364.984173517, 1.001807788,
2365.004605340, 1.001779474,
2365.025036962, 1.001844019,
2365.045468684, 1.001770789,
2365.065900507, 1.001801279,
2365.086332130, 1.001811202,
2365.106763853, 1.001798133,
2365.127195676, 1.001844380,
2365.168059122, 1.001803011,
2365.188490846, 1.001879856,
2365.208922570, 1.001818887,
2365.229354294, 1.001819382,
2365.249786018, 1.001894543,
2365.270217742, 1.001829709,
2365.290649567, 1.001795903,
2365.311081192, 1.001817083,
2365.331513016, 1.001775370,
2365.351944742, 1.001845074,
2365.372376367, 1.001867645,
2365.413239918, 1.001824466,
2365.433671544, 1.001755158,
2365.454103369, 1.001705869,
2365.474535096, 1.001825914,
2365.494966722, 1.001756710,
2365.515398548, 1.001771670,
2365.535830275, 1.001728748,
2365.556262102, 1.001744704,
2365.576693729, 1.001860573,
2365.597125456, 1.001751533,
2365.617557183, 1.001738797,
2365.658420639, 1.001740983,
2365.678852367, 1.001795854,
2365.699284095, 1.001794893,
2365.719715923, 1.001740015,
2365.740147551, 1.001813108,
2365.760579280, 1.001747415,
2365.781011109, 1.001758527,
2365.801442838, 1.001706356,
2365.821874467, 1.001751871,
2365.842306296, 1.001750387,
2365.862738026, 1.001734447,
2365.883169756, 1.001722908,
2365.903601485, 1.001541810,
2365.924033215, 1.001430679,
2365.944465046, 1.001389850,
2365.964896676, 1.001359905,
2365.985328407, 1.001406718,
2366.005760238, 1.001412506,
2366.026191869, 1.001309678,
2366.046623700, 1.001303971,
2366.067055431, 1.001424165,
2366.087487063, 1.001438566,
2366.107918894, 1.001669171,
2366.148782258, 1.001792409,
2366.169214091, 1.001703901,
2366.189645823, 1.001777301,
2366.210077556, 1.001731138,
2366.230509289, 1.001883441,
2366.250941022, 1.001727964,
2366.271372755, 1.001805020,
2366.291804488, 1.001747803,
2366.312236222, 1.001701842,
2366.332667956, 1.001776261,
2366.353099690, 1.001756239,
2366.393963158, 1.001790499,
2366.414394893, 1.001841838,
2366.434826727, 1.001753527,
2366.455258362, 1.001906280,
2366.475690097, 1.001700775,
2366.496121932, 1.001814960,
2366.516553668, 1.001793288,
2366.557417139, 1.001817467,
2366.577848875, 1.001853938,
2366.598280712, 1.001718829,
2366.618712348, 1.001746503,
2366.639144085, 1.001788605,
2366.659575921, 1.001761330,
2366.680007558, 1.001786556,
2366.700439395, 1.001790524,
2366.720871133, 1.001810241,
2366.741302770, 1.001770489,
2366.761734608, 1.001726858,
2366.782166346, 1.001821626,
2366.802597984, 1.001792894,
2366.823029822, 1.001769320,
2366.843461561, 1.001817983,
2366.884325038, 1.001744558,
2366.904756777, 1.001775158,
2366.925188617, 1.001820836,
2366.945620256, 1.001727703,
2366.966051996, 1.001795068,
2366.986483736, 1.001785241,
2367.006915476, 1.001770233,
2367.027347216, 1.001791641,
2367.047778956, 1.001785254,
2367.068210697, 1.001708031,
2367.088642538, 1.001860390,
2367.129505920, 1.001810781,
2367.149937761, 1.001750200,
2367.170369503, 1.001811925,
2367.190801144, 1.001824585,
2367.211232986, 1.001825068,
2367.231664729, 1.001791155,
2367.252096471, 1.001782316,
2367.272528213, 1.001772357,
2367.292959956, 1.001845262,
2367.313391799, 1.001891849,
2367.333823442, 1.001761209,
2367.395118673, 1.001710787,
2367.415550517, 1.001737018,
2367.435982261, 1.001807949,
2367.456413905, 1.001718344,
2367.476845750, 1.001873371,
2367.497277494, 1.001765447,
2367.517709139, 1.001826817,
2367.538140984, 1.001759765,
2367.558572730, 1.001750508,
2367.579004475, 1.001834108,
2367.599436221, 1.001794143,
2367.619867967, 1.001711568,
2367.640299713, 1.001731988,
2367.660731459, 1.001814886,
2367.681163206, 1.001759350,
2367.701594952, 1.001745460,
2367.722026699, 1.001779132,
2367.742458546, 1.001812759,
2367.762890194, 1.001752961,
2367.783321941, 1.001794342,
2367.803753789, 1.001688587,
2367.824185537, 1.001788151,
2367.865049033, 1.001713060,
2367.885480782, 1.001777124,
2367.905912530, 1.001735906,
2367.926344279, 1.001725860,
2367.946776028, 1.001723583,
2367.967207878, 1.001810902,
2367.987639527, 1.001750032,
2368.008071277, 1.001837387,
2368.028503127, 1.001729067,
2368.048934777, 1.001743938,
2368.069366627, 1.001816330,
2368.089798378, 1.001678663,
2368.110230028, 1.001702275,
2368.130661879, 1.001748871,
2368.151093630, 1.001720665,
2368.171525282, 1.001727375,
2368.191957133, 1.001725606,
2368.212388885, 1.001745135,
2368.232820637, 1.001773567,
2368.253252389, 1.001727362,
2368.273684141, 1.001776535,
2368.294115894, 1.001717744,
2368.314547647, 1.001773300,
2368.355411153, 1.001729858,
2368.375842906, 1.001664553,
2368.396274760, 1.001723039,
2368.416706414, 1.001772906,
2368.437138168, 1.001737203,
2368.457570022, 1.001812620,
2368.478001776, 1.001748616,
2368.498433431, 1.001815023,
2368.518865286, 1.001774709,
2368.539297041, 1.001742633,
2368.559728696, 1.001787500,
2368.600592307, 1.001741887,
2368.621024163, 1.001775467,
2368.641455819, 1.001724295,
2368.661887575, 1.001694657,
2368.682319432, 1.001751386,
2368.702751089, 1.001763631,
2368.723182845, 1.001806730,
2368.743614703, 1.001672212,
2368.764046360, 1.001784384,
2368.784478218, 1.001763931,
2368.804909975, 1.001786643,
2368.845773491, 1.001694483,
2368.866205250, 1.001762462,
2368.886636908, 1.001847677,
2368.907068767, 1.001712164,
2368.927500526, 1.001781723,
2368.947932385, 1.001781149,
2368.968364045, 1.001771353,
2368.988795805, 1.001794698,
2369.009227565, 1.001718674,
2369.029659325, 1.001743010,
2369.050091085, 1.001776615,
2369.070522845, 1.001791779,
2369.090954606, 1.001822947,
2369.111386467, 1.001798341,
2369.131818128, 1.001789709,
2369.152249890, 1.001805165,
2369.172681751, 1.001772945,
2369.193113513, 1.001813017,
2369.213545175, 1.001730509,
2369.233977037, 1.001752358,
2369.254408799, 1.001792444,
2369.274840562, 1.001778000,
2369.295272325, 1.001416069,
2369.356567615, 1.001771745,
2369.376999379, 1.001861963,
2369.397431242, 1.001756180,
2369.417862907, 1.001756962,
2369.438294771, 1.001764761,
2369.458726536, 1.001767110,
2369.479158200, 1.001762203,
2369.499590065, 1.001796326,
2369.520021831, 1.001764030,
2369.540453496, 1.001775986,
2369.581317128, 1.001788948,
2369.601748894, 1.001739317,
2369.622180660, 1.001735388,
2369.642612427, 1.001710759,
2369.663044193, 1.001788863,
2369.683475960, 1.001738678,
2369.703907728, 1.001702214,
2369.724339495, 1.001714831,
2369.744771263, 1.001739697,
2369.765203130, 1.001804081,
2369.785634799, 1.001747400,
2369.826498435, 1.001737101,
2369.846930204, 1.001792253,
2369.867361873, 1.001790666,
2369.887793742, 1.001720093,
2369.908225512, 1.001799893,
2369.928657281, 1.001785531,
2369.949089051, 1.001729347,
2369.969520821, 1.001737537,
2369.989952691, 1.001823274,
2370.010384362, 1.001865808,
2370.030816133, 1.001785496,
2370.071679675, 1.001793924,
2370.092111446, 1.001743943,
2370.112543318, 1.001785959,
2370.132974990, 1.001744319,
2370.153406862, 1.001736763,
2370.173838634, 1.001763332,
2370.194270306, 1.001752906,
2370.214702179, 1.001716078,
2370.235133952, 1.001692130,
2370.255565725, 1.001684831,
2370.275997499, 1.001727799,
2370.296429272, 1.001766154,
2370.316861146, 1.001717096,
2370.337292820, 1.001751764,
2370.357724594, 1.001678878,
2370.378156369, 1.001721971,
2370.398588144, 1.001683391,
2370.419019919, 1.001697196,
2370.439451694, 1.001691676,
2370.459883469, 1.001716435,
2370.480315345, 1.001704265,
2370.500747121, 1.001740048,
2370.521178797, 1.001670174,
2370.562042450, 1.001772678,
2370.582474127, 1.001719445,
2370.602906004, 1.001710958,
2370.623337781, 1.001678402,
2370.643769658, 1.001752671,
2370.664201336, 1.001671120,
2370.684633114, 1.001713739,
2370.705064992, 1.001666088,
2370.725496670, 1.001664036,
2370.745928449, 1.001613898,
2370.766360328, 1.001742906,
2370.807223886, 1.001681763,
2370.827655666, 1.001655643,
2370.848087346, 1.001666855,
2370.868519226, 1.001709941,
2370.888951006, 1.001631702,
2370.909382686, 1.001659013,
2370.929814567, 1.001730089,
2370.950246348, 1.001686024,
2370.970678129, 1.001637375,
2370.991109910, 1.001692321,
2371.011541692, 1.001708738,
2371.052405256, 1.001694874,
2371.072837038, 1.001790191,
2371.093268821, 1.001643082,
2371.113700603, 1.001716124,
2371.134132486, 1.001628109,
2371.154564170, 1.001715493,
2371.174995953, 1.001726307,
2371.195427837, 1.001647469,
2371.215859621, 1.001644479,
2371.236291305, 1.001653636,
2371.256723189, 1.001705071,
2371.297586859, 1.001751833,
2371.318018544, 1.001752724,
2371.338450329, 1.001733654,
2371.358882215, 1.001721012,
2371.379313900, 1.001700139,
2371.399745686, 1.001734152,
2371.420177573, 1.001803336,
2371.440609259, 1.001783430,
2371.461041146, 1.001744086,
2371.481472933, 1.001756316,
2371.501910379, 1.001780603,
2371.522336482, 1.001737916,
2371.542768269, 1.001716941,
2371.563199957, 1.001733020,
2371.583631845, 1.001725988,
2371.604063634, 1.001720649,
2371.624495522, 1.001733697,
2371.644927211, 1.001749617,
2371.665359000, 1.001719232,
2371.685790890, 1.001672229,
2371.706222579, 1.001751416,
2371.726654369, 1.001724434,
2371.747086259, 1.001714342,
2371.787949740, 1.001757516,
2371.808381631, 1.001860122,
2371.828813422, 1.001735413,
2371.849245213, 1.001802122,
2371.869677004, 1.001672175,
2371.890108796, 1.001666200,
2371.910540688, 1.001738769,
2371.930972380, 1.001785933,
2371.951404173, 1.001751611,
2371.971836065, 1.001770623,
2371.992267758, 1.001763318,
2372.033131445, 1.001730811,
2372.053563139, 1.001688612,
2372.073995032, 1.001774429,
2372.094426727, 1.001731680,
2372.114858521, 1.001836482,
2372.135290415, 1.001668855,
2372.155722110, 1.001753079,
2372.176154005, 1.001694578,
2372.196585801, 1.001720776,
2372.217017496, 1.001762344,
2372.237449392, 1.001794209,
2372.278312984, 1.001775451,
2372.298744781, 1.001707934,
2372.319176578, 1.001746824,
2372.339608475, 1.001748418,
2372.360040172, 1.001722580,
2372.380471970, 1.001727662,
2372.400903867, 1.001746446,
2372.421335666, 1.001770507,
2372.441767364, 1.001662444,
2372.462199262, 1.001750729,
2372.482631061, 1.001709731,
2372.503062860, 1.001786963,
2372.523494659, 1.001706660,
2372.543926459, 1.001773704,
2372.564358258, 1.001737122,
2372.584790058, 1.001766767,
2372.605221859, 1.001705656,
2372.625653759, 1.001751365,
2372.646085460, 1.001754534,
2372.666517361, 1.001736561,
2372.686949062, 1.001760534,
2372.707380863, 1.001798657,
2372.727812765, 1.001742532,
2372.768676269, 1.001757164,
2372.789108172, 1.001755106,
2372.809539874, 1.001792377,
2372.829971777, 1.001838954,
2372.850403580, 1.001674137,
2372.870835284, 1.001697173,
2372.891267188, 1.001835896,
2372.911698992, 1.001784604,
2372.932130696, 1.001745255,
2372.952562600, 1.001721078,
2372.972994405, 1.001745802,
2372.993426310, 1.001790769,
2373.013858015, 1.001749675,
2373.034289820, 1.001731996,
2373.054721726, 1.001822673,
2373.075153532, 1.001749006,
2373.095585238, 1.001740502,
2373.116017145, 1.001756001,
2373.136448951, 1.001786790,
2373.156880758, 1.001864109,
2373.177312565, 1.001798646,
2373.197744373, 1.001831203,
2373.218176281, 1.001924993,
2373.279471705, 1.001756283,
2373.299903414, 1.001762182,
2373.320335323, 1.001894799,
2373.340767032, 1.001909483,
2373.361198841, 1.001897894,
2373.381630751, 1.001797112,
2373.402062461, 1.001895694,
2373.422494271, 1.001840097,
2373.442926182, 1.001880447,
2373.463357893, 1.001891229,
2373.483789804, 1.001924281,
2373.504221615, 1.001773623,
2373.524653326, 1.001842638,
2373.545085238, 1.001846255,
2373.565517050, 1.001910661,
2373.585948762, 1.001841242,
2373.606380675, 1.001886224,
2373.626812488, 1.001865627,
2373.647244401, 1.001941991,
2373.667676114, 1.001962035,
2373.688107927, 1.001988506,
2373.708539841, 1.001840767,
2373.728971555, 1.001851146,
2373.749403370, 1.001901858,
2373.769835284, 1.001975855,
2373.790267099, 1.001936451,
2373.810698814, 1.001922626,
2373.831130729, 1.001914984,
2373.851562545, 1.001938305,
2373.871994361, 1.001980984,
2373.892426177, 1.001842676,
2373.912857993, 1.001949067,
2373.933289910, 1.001878781,
2373.953721627, 1.001926830,
2373.994585361, 1.001888665,
2374.015017079, 1.001888207,
2374.035448997, 1.001938446,
2374.055880715, 1.001985386,
2374.076312534, 1.001920867,
2374.096744452, 1.001928138,
2374.117176171, 1.001859821,
2374.137607990, 1.001932221,
2374.158039910, 1.001874731,
2374.178471630, 1.001988717,
2374.198903550, 1.001911241,
2374.239767091, 1.001844629,
2374.260199011, 1.001939503,
2374.280630832, 1.002009415,
2374.301062654, 1.001935947,
2374.321494475, 1.001893898,
2374.341926297, 1.001941837,
2374.362358219, 1.001974709,
2374.382789942, 1.002006110,
2374.403221764, 1.001937630,
2374.423653687, 1.001890872,
2374.444085510, 1.001986869,
2374.464517234, 1.002010338,
2374.484949157, 1.001896019,
2374.505380981, 1.001895941,
2374.525812805, 1.001865150,
2374.546244630, 1.002013772,
2374.566676455, 1.001947220,
2374.587108380, 1.001864082,
2374.607540105, 1.001981004,
2374.627971930, 1.001888285,
2374.648403856, 1.001900356,
2374.668835582, 1.001974433,
2374.689267508, 1.001950500,
2374.730131062, 1.002011243,
2374.750562989, 1.002006016,
2374.770994716, 1.001978174,
2374.791426544, 1.001974046,
2374.811858472, 1.001986667,
2374.832290200, 1.001991442,
2374.852722129, 1.001980794,
2374.873153957, 1.001952515,
2374.893585686, 1.001983469,
2374.914017616, 1.001954364,
2374.934449445, 1.001951216,
2374.975313105, 1.001958498,
2374.995744935, 1.001991523,
2375.016176866, 1.001975688,
2375.036608597, 1.001970750,
2375.057040428, 1.001991954,
2375.077472359, 1.002022010,
2375.097904191, 1.001956770,
2375.118336023, 1.001960340,
2375.138767855, 1.001945720,
2375.159199687, 1.001968232,
2375.179631520, 1.002097887,
2375.240927120, 1.001903945,
2375.261358854, 1.002080610,
2375.281790788, 1.002015962,
2375.302222622, 1.002045242,
2375.322654357, 1.002029650,
2375.343086292, 1.002013586,
2375.363518027, 1.001963415,
2375.383949863, 1.002006962,
2375.404381798, 1.001994177,
2375.424813634, 1.002037322,
2375.445245471, 1.001950947,
2375.465677307, 1.001966513,
2375.486109044, 1.001993463,
2375.506540981, 1.002023917,
2375.526972818, 1.001984899,
2375.547404556, 1.001933990,
2375.567836494, 1.001964932,
2375.588268332, 1.001955292,
2375.608700271, 1.001961668,
2375.629132009, 1.001941359,
2375.649563848, 1.001956606,
2375.669995788, 1.001900356,
2375.710859367, 1.001995892,
2375.731291307, 1.001959961,
2375.751723047, 1.001886033,
2375.772154988, 1.001926171,
2375.792586829, 1.001954958,
2375.813018670, 1.001956885,
2375.833450512, 1.001969901,
2375.853882353, 1.001890940,
2375.874314195, 1.001952337,
2375.894746138, 1.001896989,
2375.915177880, 1.001884768,
2375.956041666, 1.001978676,
2375.976473410, 1.001879131,
2375.996905353, 1.001865461,
2376.017337197, 1.001915426,
2376.037768942, 1.001911215,
2376.058200886, 1.001892219,
2376.078632631, 1.001890925,
2376.099064476, 1.001936817,
2376.119496422, 1.001883562,
2376.139928167, 1.001857980,
2376.160360113, 1.001833814,
2376.201223706, 1.001886988,
2376.221655652, 1.001914979,
2376.242087500, 1.001810334,
2376.262519247, 1.001840778,
2376.282951194, 1.001839641,
2376.303383042, 1.001835670,
2376.323814990, 1.001861226,
2376.344246739, 1.001796642,
2376.364678588, 1.001848743,
2376.385110537, 1.001802039,
2376.405542286, 1.001881085,
2376.446406085, 1.001752501,
2376.466837935, 1.001861968,
2376.487269786, 1.001858259,
2376.507701637, 1.001807600,
2376.528133487, 1.001769451,
2376.548565339, 1.001806523,
2376.568997190, 1.001749795,
2376.589429042, 1.001751720,
2376.609860994, 1.001950850,
2376.630292747, 1.001873118,
2376.650724699, 1.001680724,
2376.691588305, 1.001798107,
2376.712020259, 1.001792714,
2376.732452013, 1.001789158,
2376.752883867, 1.001728169,
2376.773315821, 1.001720424,
2376.793747576, 1.001730250,
2376.814179531, 1.001783334,
2376.834611386, 1.001751907,
2376.855043141, 1.001768815,
2376.875475097, 1.001719180,
2376.895906953, 1.001764030,
2376.936770666, 1.001710977,
2376.957202523, 1.001685226,
2376.977634480, 1.001765732,
2376.998066238, 1.001775256,
2377.018498096, 1.001707508,
2377.038930054, 1.001741602,
2377.059361812, 1.001729216,
2377.079793671, 1.001761188,
2377.100225630, 1.001705404,
2377.120657489, 1.001737671,
2377.141089349, 1.001708868,
2377.181953068, 1.001633821,
2377.202384929, 1.001650259,
2377.222816789, 1.001632660,
2377.243248650, 1.001655039,
2377.263680612, 1.001683063,
2377.284112373, 1.001611783,
2377.304544335, 1.001679759,
2377.324976197, 1.001643807,
2377.345407960, 1.001714337,
2377.365839922, 1.001702267,
2377.386271785, 1.001758744,
2377.406703549, 1.001638701,
2377.427135512, 1.001722025,
2377.467999240, 1.001659740,
2377.488431105, 1.001610851,
2377.508862869, 1.001649733,
2377.529294834, 1.001643996,
2377.549726699, 1.001657188,
2377.570158465, 1.001687972,
2377.590590431, 1.001634594,
2377.611022297, 1.001633043,
2377.631454263, 1.001644481,
2377.672317897, 1.001554941,
2377.692749865, 1.001641261,
2377.713181632, 1.001653594,
2377.733613500, 1.001658840,
2377.754045468, 1.001606331,
2377.774477337, 1.001590979,
2377.794909206, 1.001591224,
2377.815341075, 1.001640498,
2377.835772944, 1.001627175,
2377.856204814, 1.001625293,
2377.876636684, 1.001676842,
2377.917500525, 1.001671779,
2377.937932296, 1.001712856,
2377.958364267, 1.001749365,
2377.978796138, 1.001640444,
2377.999227910, 1.001613201,
2378.019659882, 1.001670781,
2378.040091755, 1.001688286,
2378.060523527, 1.001684512,
2378.080955500, 1.001682594,
2378.101387273, 1.001640966,
2378.121819247, 1.001719318,
2378.142251121, 1.001699203,
2378.162682895, 1.001659629,
2378.183114869, 1.001702886,
2378.203546744, 1.001667092,
2378.223978519, 1.001690446,
2378.244410494, 1.001672778,
2378.264842370, 1.001698798,
2378.285274346, 1.001770522,
2378.305706122, 1.001838271,
2378.326137999, 1.001691906,
2378.346569975, 1.001716513,
2378.367001753, 1.001720042,
2378.407865608, 1.001713229,
2378.428297386, 1.001748189,
2378.448729364, 1.001816294,
2378.469161243, 1.001716789,
2378.489593122, 1.001715278,
2378.510025001, 1.001765532,
2378.530456880, 1.001769682,
2378.550888760, 1.001730771,
2378.571320640, 1.001785484,
2378.591752521, 1.001803698,
2378.612184501, 1.001752692,
2378.653048164, 1.001825233,
2378.673480145, 1.001834546,
2378.693912027, 1.001803011,
2378.714343809, 1.001852678,
2378.734775792, 1.001783758,
2378.755207575, 1.001817146,
2378.775639558, 1.001809084,
2378.796071441, 1.001780757,
2378.816503225, 1.001836911,
2378.836935209, 1.001913572,
2378.857367093, 1.001842404,
2378.898230863, 1.001831613,
2378.918662748, 1.001826597,
2378.939094734, 1.001777328,
2378.959526520, 1.001877814,
2378.979958406, 1.001875753,
2379.000390392, 1.001785632,
2379.020822179, 1.001819792,
2379.041254066, 1.001812568,
2379.061686053, 1.001813461,
2379.082117841, 1.001790001,
2379.102549829, 1.001819516,
2379.143413606, 1.001830666,
2379.163845495, 1.001824866,
2379.184277384, 1.001867825,
2379.204709273, 1.001840080,
2379.225141163, 1.001836876,
2379.245573053, 1.001768895,
2379.266005044, 1.001775573,
2379.286436934, 1.001767415,
2379.306868726, 1.001910665,
2379.327300717, 1.001807511,
2379.347732608, 1.001762549,
2379.368164400, 1.001800102,
2379.388596393, 1.001703966,
2379.409028285, 1.001754487,
2379.429460078, 1.001796659,
2379.449892072, 1.001847323,
2379.470323865, 1.001740321,
2379.490755859, 1.001764920,
2379.511187753, 1.001841068,
2379.531619547, 1.001800246,
2379.552051542, 1.001770291,
2379.572483437, 1.001809792,
2379.592915232, 1.001708847,
2379.633779124, 1.001764231,
2379.654211120, 1.001766019,
2379.674642917, 1.001774456,
2379.695074814, 1.001796505,
2379.715506811, 1.001824046,
2379.735938609, 1.001832790,
2379.756370506, 1.001848464,
2379.776802505, 1.001823270,
2379.797234403, 1.001862051,
2379.817666302, 1.001809268,
2379.838098201, 1.001854606,
2379.878962000, 1.001873043,
2379.899393900, 1.001849586,
2379.919825800, 1.001862513,
2379.940257801, 1.001827898,
2379.960689602, 1.001867211,
2379.981121603, 1.001880716,
2380.001553505, 1.001806081,
2380.021985307, 1.001912539,
2380.042417309, 1.001896598,
2380.062849212, 1.001914881,
2380.083281014, 1.001888010,
2380.124144821, 1.001947072,
2380.144576825, 1.001932284,
2380.165008729, 1.001880716,
2380.185440533, 1.001867976,
2380.205872538, 1.001841374,
2380.226304443, 1.001885072,
2380.246736248, 1.001820054,
2380.267168254, 1.001898267,
2380.287600160, 1.001888889,
2380.308032166, 1.001893358,
2380.328463973, 1.001906652,
2380.369327887, 1.002048564,
2380.389759695, 1.001975881,
2380.410191602, 1.001906422,
2380.430623611, 1.001982508,
2380.451055419, 1.001947270,
2380.471487428, 1.001960003,
2380.491919337, 1.001974143,
2380.512351247, 1.001993251,
2380.532783156, 1.001988104,
2380.553215067, 1.001921801,
2380.573646977, 1.001906111,
2380.614510799, 1.002000533,
2380.634942810, 1.001942474,
2380.655374722, 1.001949630,
2380.675806534, 1.001935217,
2380.696238546, 1.001883025,
2380.716670459, 1.001950040,
2380.737102272, 1.002010346,
2380.757534285, 1.001908053,
2380.777966099, 1.001880209,
2380.798398113, 1.001955214,
2380.818830027, 1.001907244,
2380.859693856, 1.001941778,
2380.880125772, 1.001955888,
2380.900557587, 1.001956251,
2380.920989603, 1.001958472,
2380.941421519, 1.001927131,
2380.961853536, 1.002009720,
2380.982285353, 1.001950481,
2381.002717270, 1.001955539,
2381.023149287, 1.001968125,
2381.043581105, 1.001983316,
2381.064013023, 1.001933645,
2381.104876960, 1.001914243,
2381.125308879, 1.001967206,
2381.145740799, 1.002021021,
2381.166172718, 1.002027319,
2381.186604638, 1.001975447,
2381.207036559, 1.001905427,
2381.227468479, 1.001941111,
2381.247900400, 1.001890613,
2381.268332322, 1.001951580,
2381.288764343, 1.001928968,
2381.309196265, 1.001958831,
2381.350060110, 1.002019065,
2381.370492033, 1.001949386,
2381.390923856, 1.002002729,
2381.411355880, 1.001900450,
